$SPEC_ID:
No sample description was entered.
$SPEC_REM:
DET# 1
DETDESC# E-C11SRPLAB224 MCB 129
AP# Maestro Version 7.01
$DATE_MEA:
02/26/2026 14:12:21
$MEAS_TIM:
500 500
$DATA:
0 1023
       0
       0
       0
       0
       0
       0
       0
       0
       0
       0
       0
       0
       0
       0
       0
       0
       0
       0
       0
       0
       0
       0
       0
       0
       0
       0
       0
       0
       0
       0
       0
       0
       0
       0
       0
       0
       0
       0
       0
       0
       0
       0
       0
       0
       0
       0
       0
       0
       0
       0
       0
       0
       0
       0
       0
       1
       0
       0
       0
       0
       1
       1
       0
       0
       0
       0
       0
       0
       0
       0
       0
       0
       0
       0
       0
       0
       0
       0
       1
       0
       1
       0
       0
       0
       0
       0
       0
       0
       0
       0
       0
       0
       0
       0
       1
       0
       0
       0
       0
       0
       0
       1
       0
       0
       0
       0
       0
       0
       0
       0
       0
       0
       0
       0
       0
       0
       0
       0
       0
       0
       0
       0
       0
       0
       0
       0
       0
       0
       0
       0
       0
       0
       0
       0
       0
       1
       0
       0
       0
       0
       0
       0
       0
       0
       0
       0
       0
       0
       0
       0
       0
       0
       0
       0
       0
       0
       0
       0
       1
       0
       0
       0
       0
       0
       0
       0
       0
       0
       0
       0
       0
       0
       0
       1
       0
       0
       0
       0
       0
       0
       0
       0
       0
       0
       0
       0
       0
       0
       0
       0
       0
       0
       0
       0
       0
       0
       1
       0
       0
       0
       0
       0
       0
       0
       0
       0
       0
       0
       0
       0
       0
       0
       0
       0
       0
       0
       0
       0
       0
       0
       0
       0
       0
       0
       0
       1
       0
       0
       0
       0
       0
       0
       1
       0
       0
       1
       0
       0
       0
       0
       0
       0
       0
       0
       0
       0
       1
       1
       0
       1
       1
       0
       1
       1
       0
       0
       0
       0
       2
       0
       0
       1
       0
       1
       1
       0
       0
       0
       0
       0
       0
       0
       1
       2
       1
       0
       0
       0
       0
       0
       1
       0
       0
       1
       0
       0
       2
       2
       1
       0
       0
       0
       0
       1
       0
       1
       0
       2
       0
       0
       0
       0
       1
       0
       0
       1
       0
       2
       1
       0
       2
       0
       1
       1
       1
       0
       0
       0
       1
       1
       2
       0
       0
       1
       2
       2
       0
       0
       1
       1
       3
       3
       2
       2
       0
       1
       2
       1
       2
       0
       1
       0
       4
       3
       0
       2
       4
       4
       2
       4
       3
       3
       2
       7
       6
       7
       2
       9
       7
       6
       5
       6
      11
       7
      15
      18
      16
      23
      16
      22
      16
      15
      26
      21
      22
      23
      23
      28
      17
      22
      15
      14
      14
      13
      17
      12
      10
      13
      11
       4
       7
       7
       6
       2
       2
       0
       3
       3
       1
       1
       1
       1
       1
       0
       0
       0
       1
       0
       0
       1
       0
       2
       3
       0
       3
       0
       0
       0
       1
       0
       2
       1
       0
       1
       1
       2
       1
       0
       0
       5
       3
       4
       2
       1
       2
       1
       1
       1
       0
       1
       2
       4
       5
       4
       9
       5
       2
       4
       7
       8
      10
       5
       7
       9
      16
      10
      10
      14
      15
      19
      13
      12
      10
      17
      15
      23
      19
      16
      15
      17
      12
      11
      13
      15
       2
       9
       6
       8
       5
       3
       5
       1
       1
       0
       2
       3
       0
       0
       2
       0
       1
       2
       1
       0
       2
       0
       1
       1
       0
       0
       0
       1
       1
       0
       1
       0
       0
       1
       0
       1
       0
       1
       1
       1
       3
       1
       0
       1
       0
       0
       0
       0
       1
       1
       0
       0
       1
       0
       1
       1
       1
       1
       3
       1
       4
       3
       3
       4
       1
       5
       1
       1
       3
       5
       5
       5
       3
       5
       2
       0
       3
       3
       1
       2
       0
       3
       3
       1
       5
       0
       1
       0
       0
       0
       0
       0
       0
       1
       0
       0
       0
       0
       0
       0
       0
       0
       0
       0
       0
       0
       0
       0
       0
       0
       0
       0
       0
       0
       0
       0
       0
       0
       0
       0
       0
       0
       0
       0
       0
       0
       0
       0
       0
       0
       0
       0
       1
       0
       0
       0
       0
       0
       0
       0
       0
       0
       0
       0
       0
       0
       0
       0
       0
       0
       0
       0
       0
       0
       0
       0
       0
       0
       0
       0
       0
       0
       0
       0
       0
       0
       0
       0
       0
       0
       0
       0
       0
       0
       0
       0
       0
       0
       0
       0
       0
       0
       0
       0
       0
       0
       0
       0
       0
       0
       0
       0
       0
       0
       0
       0
       0
       0
       0
       0
       0
       0
       0
       0
       0
       0
       0
       0
       0
       0
       0
       0
       0
       0
       0
       0
       0
       0
       0
       0
       0
       0
       0
       0
       0
       0
       0
       0
       0
       0
       0
       0
       0
       0
       0
       0
       0
       0
       0
       0
       0
       0
       0
       0
       0
       0
       0
       0
       0
       0
       0
       0
       0
       0
       0
       0
       0
       0
       0
       0
       0
       0
       0
       0
       0
       0
       0
       0
       0
       0
       0
       0
       0
       0
       0
       0
       0
       0
       0
       0
       0
       0
       0
       0
       0
       0
       0
       0
       0
       0
       0
       0
       0
       0
       0
       0
       0
       0
       0
       0
       0
       0
       0
       0
       0
       0
       0
       0
       0
       0
       0
       0
       0
       0
       0
       0
       0
       0
       0
       0
       0
       0
       0
       0
       0
       0
       0
       0
       0
       0
       0
       0
       0
       0
       0
       0
       0
       0
       0
       0
       0
       0
       0
       0
       0
       0
       0
       0
       0
       0
       0
       0
       0
       0
       0
       0
       0
       0
       0
       0
       0
       0
       0
       0
       0
       0
       0
       0
       0
       0
       0
       0
       0
       0
       0
       0
       0
       0
       0
       0
       0
       0
       0
       0
       0
       0
       0
       0
       0
       0
       0
       0
       0
       0
       0
       0
       0
       0
       0
       0
       0
       0
       0
       0
       0
       0
       0
       0
       0
       0
       0
       0
       0
       0
       0
       0
       0
       0
       0
       0
       0
       0
       0
       0
       0
       0
       0
       0
       0
       0
       0
       0
       0
       0
       0
       0
       0
       0
       0
       0
       0
       0
       0
       0
       0
       0
       0
       0
       0
       0
       0
       0
       0
       0
       0
       0
       0
       0
       0
       0
       0
       0
       0
       0
       0
       0
       0
       0
       0
       0
       0
       0
       0
       0
       0
       0
       0
       0
       0
       0
       0
       0
       0
       0
       0
       0
       0
       0
       0
       0
       0
       0
       0
       0
       0
       0
       0
       0
       0
       0
       0
       0
       0
       0
       0
       0
       0
       0
       0
       0
       0
       0
       0
       0
       0
       0
       0
       0
       0
       0
       0
       0
       0
       0
       0
       0
       0
       0
       0
       0
       0
       0
       0
       0
       0
       0
       0
       0
       0
       0
       0
       0
       0
       0
       0
       0
       0
       0
       0
       0
$ROI:
0
$PRESETS:
Live Time
50000
0
$ENER_FIT:
1.083872 0.003933
$MCA_CAL:
3
1.083872E+000 3.933447E-003 1.451995E-006 keV
$SHAPE_CAL:
3
7.573277E+001 -1.746403E-001 1.021283E-004
