$SPEC_ID:
No sample description was entered.
$SPEC_REM:
DET# 1
DETDESC# E-C11SRPLAB224 MCB 129
AP# Maestro Version 7.01
$DATE_MEA:
02/26/2026 14:22:43
$MEAS_TIM:
523 523
$DATA:
0 1023
       0
       0
       0
       0
       0
       0
       0
       0
       0
       0
       0
       0
       0
       0
       0
       0
       0
       0
       0
       0
       0
       0
       0
       0
       0
       0
       0
       0
       0
       0
       0
       0
       0
       0
       0
       0
       0
       0
       0
       0
       0
       0
       0
       0
       0
       0
       0
       0
       0
       0
       0
       0
       1
       3
       1
       1
       0
       1
       0
       1
       1
       0
       0
       0
       0
       2
       0
       0
       0
       2
       1
       0
       0
       1
       2
       0
       0
       1
       1
       2
       2
       0
       1
       1
       0
       0
       1
       0
       1
       1
       0
       2
       0
       2
       2
       3
       0
       0
       2
       1
       0
       1
       1
       1
       2
       1
       1
       0
       1
       0
       1
       3
       0
       0
       2
       1
       0
       2
       0
       1
       1
       2
       0
       0
       0
       2
       0
       1
       0
       0
       1
       2
       1
       2
       0
       1
       2
       1
       2
       3
       0
       2
       1
       0
       0
       2
       5
       2
       1
       0
       1
       2
       4
       0
       5
       2
       4
       5
       3
       4
       7
       4
       4
       7
       5
       6
       5
      10
       9
       9
       7
      11
      10
      12
      14
       9
      13
      13
      15
      12
      12
      15
      11
      16
      20
      15
      15
      16
      15
      11
      14
      18
      14
      12
      12
      13
      16
      18
       7
      10
      11
      12
      14
       8
       5
       3
       7
       6
       2
       6
       2
       2
       6
       1
       2
       0
       2
       0
       2
       2
       2
       1
       1
       0
       0
       2
       0
       0
       0
       0
       1
       0
       0
       1
       0
       0
       3
       0
       0
       0
       2
       3
       0
       0
       2
       0
       1
       1
       0
       0
       1
       1
       0
       2
       0
       1
       2
       1
       0
       0
       0
       2
       0
       1
       2
       1
       0
       1
       3
       1
       3
       3
       4
       2
       0
       4
       1
       4
       4
       3
       4
       2
       3
       4
       5
       5
       7
       7
       5
       6
       9
      12
      11
       5
      11
      11
      11
       9
      14
      11
      14
      17
      13
      13
       9
      12
      17
      15
      16
      11
      12
      16
       6
       5
       6
      13
      13
       7
       9
       7
       6
       5
       5
       3
       4
       4
       0
       2
       3
       2
       0
       0
       1
       1
       0
       0
       0
       2
       1
       1
       0
       0
       0
       1
       0
       0
       0
       0
       1
       0
       0
       0
       0
       0
       0
       0
       0
       0
       0
       0
       1
       0
       0
       1
       0
       0
       0
       0
       0
       0
       0
       0
       0
       1
       0
       1
       2
       1
       0
       3
       0
       1
       1
       0
       1
       1
       0
       3
       2
       2
       2
       3
       4
       4
       0
       2
       3
       5
       1
       1
       3
       0
       3
       4
       1
       0
       4
       4
       2
       2
       4
       2
       2
       0
       1
       1
       0
       1
       2
       2
       0
       0
       0
       2
       0
       0
       0
       0
       0
       0
       0
       0
       0
       0
       0
       0
       0
       0
       0
       0
       0
       0
       0
       0
       0
       0
       0
       0
       0
       0
       0
       0
       0
       0
       0
       0
       0
       0
       0
       0
       0
       0
       0
       0
       0
       0
       0
       0
       0
       0
       0
       0
       0
       0
       0
       0
       0
       0
       0
       0
       0
       0
       0
       0
       0
       0
       0
       0
       0
       0
       0
       0
       0
       0
       0
       0
       0
       0
       0
       0
       0
       0
       0
       0
       0
       0
       0
       0
       0
       0
       0
       0
       0
       0
       0
       0
       0
       0
       0
       0
       0
       0
       0
       0
       0
       0
       0
       0
       0
       0
       0
       0
       0
       0
       0
       0
       0
       0
       0
       0
       0
       0
       0
       0
       0
       0
       0
       0
       0
       0
       0
       0
       0
       0
       0
       0
       0
       0
       0
       0
       0
       0
       0
       0
       0
       0
       0
       0
       0
       0
       0
       0
       0
       0
       0
       0
       0
       0
       0
       0
       0
       0
       0
       0
       0
       0
       0
       0
       0
       0
       0
       0
       0
       0
       0
       0
       0
       0
       0
       0
       0
       0
       0
       0
       0
       0
       0
       0
       0
       0
       0
       0
       0
       0
       0
       0
       0
       0
       0
       0
       0
       0
       0
       0
       0
       0
       0
       0
       0
       0
       0
       0
       0
       0
       0
       0
       0
       0
       0
       0
       0
       0
       0
       0
       0
       0
       0
       0
       0
       0
       0
       0
       0
       0
       0
       0
       0
       0
       0
       0
       0
       0
       0
       0
       0
       0
       0
       0
       0
       0
       0
       0
       0
       0
       0
       0
       0
       0
       0
       0
       0
       0
       0
       0
       0
       0
       0
       0
       0
       0
       0
       0
       0
       0
       0
       0
       0
       0
       0
       0
       0
       0
       0
       0
       0
       0
       0
       0
       0
       0
       0
       0
       0
       0
       0
       0
       0
       0
       0
       0
       0
       0
       0
       0
       0
       0
       0
       0
       0
       0
       0
       0
       0
       0
       0
       0
       0
       0
       0
       0
       0
       0
       0
       0
       0
       0
       0
       0
       0
       0
       0
       0
       0
       0
       0
       0
       0
       0
       0
       0
       0
       0
       0
       0
       0
       0
       0
       0
       0
       0
       0
       0
       0
       0
       0
       0
       0
       0
       0
       0
       0
       0
       0
       0
       0
       0
       0
       0
       0
       0
       0
       0
       0
       0
       0
       0
       0
       0
       0
       0
       0
       0
       0
       0
       0
       0
       0
       0
       0
       0
       0
       0
       0
       0
       0
       0
       0
       0
       0
       0
       0
       0
       0
       0
       0
       0
       0
       0
       0
       0
       0
       0
       0
       0
       0
       0
       0
       0
       0
       0
       0
       0
       0
       0
       0
       0
       0
       0
       0
       0
       0
       0
       0
       0
       0
       0
       0
       0
       0
       0
       0
       0
       0
       0
       0
       0
       0
       0
       0
       0
       0
       0
       0
       0
       0
       0
       0
       0
       0
       0
       0
       0
       0
       0
       0
       0
       0
       0
       0
       0
       0
       0
       0
       0
       0
       0
       0
       0
       0
       0
       0
       0
       0
       0
       0
       0
       0
       0
       0
       0
       0
       0
       0
       0
       0
       0
       0
       0
       0
       0
       0
       0
       0
       0
       0
       0
       0
       0
       0
       0
       0
       0
       0
       0
       0
       0
       0
       0
       0
       0
       0
       0
       0
       0
       0
       0
       0
       0
       0
       0
       0
       0
       0
       0
       0
       0
       0
       0
       0
       0
       0
       0
       0
       0
       0
       0
       0
       0
       0
       0
       0
       0
       0
       0
       0
       0
       0
       0
       0
       0
       0
       0
       0
       0
       0
       0
       0
       0
       1
       0
       0
       0
       0
       0
       0
       0
       0
       0
       0
       0
       0
       0
       0
       0
       0
       0
       0
       0
       0
       0
       0
       0
       0
       0
       0
       0
       0
       0
       0
       0
       0
       0
       0
       0
$ROI:
0
$PRESETS:
Live Time
50000
0
$ENER_FIT:
1.083872 0.003933
$MCA_CAL:
3
1.083872E+000 3.933447E-003 1.451995E-006 keV
$SHAPE_CAL:
3
7.573277E+001 -1.746403E-001 1.021283E-004
