$SPEC_ID:
No sample description was entered.
$SPEC_REM:
DET# 1
DETDESC# E-C11SRPLAB223 MCB 129
AP# Maestro Version 7.01
$DATE_MEA:
02/19/2026 10:59:44
$MEAS_TIM:
359 359
$DATA:
0 2047
       0
       0
       0
       0
       0
       0
       0
       0
       0
       0
       0
       0
       0
       0
       0
       0
       0
       0
       0
       0
       0
       0
       0
       0
       0
       0
       0
       0
       0
       0
       0
       1
       0
       0
       0
       0
       0
       0
       2
       0
       2
       1
       0
       1
       0
       1
       1
       0
       0
       1
       1
       2
       2
       0
       2
       2
       0
       3
       1
       1
       0
       0
       1
       0
       0
       1
       1
       2
       2
       1
       1
       0
       0
       1
       0
       1
       0
       0
       1
       1
       1
       1
       2
       2
       1
       0
       2
       0
       0
       0
       0
       0
       0
       0
       0
       2
       1
       0
       1
       0
       1
       0
       1
       0
       0
       0
       0
       0
       0
       2
       1
       0
       0
       1
       0
       0
       2
       0
       0
       0
       0
       0
       0
       1
       1
       0
       1
       1
       0
       0
       0
       1
       0
       0
       1
       0
       0
       0
       2
       0
       0
       0
       0
       0
       1
       1
       0
       0
       0
       1
       0
       0
       0
       0
       2
       1
       0
       2
       0
       0
       0
       0
       0
       0
       0
       0
       0
       0
       0
       0
       0
       0
       0
       0
       1
       0
       0
       1
       0
       0
       1
       1
       2
       0
       1
       1
       0
       1
       0
       1
       0
       0
       1
       1
       2
       0
       1
       1
       0
       1
       0
       1
       1
       0
       0
       0
       0
       0
       0
       0
       0
       0
       0
       0
       0
       1
       0
       1
       1
       0
       0
       0
       0
       0
       1
       0
       0
       0
       0
       0
       1
       1
       0
       1
       1
       1
       2
       0
       0
       1
       1
       0
       0
       1
       0
       0
       3
       0
       1
       1
       0
       2
       0
       0
       0
       1
       0
       0
       0
       0
       1
       0
       2
       0
       0
       2
       2
       1
       1
       0
       0
       0
       0
       0
       0
       0
       2
       0
       2
       0
       0
       1
       1
       0
       0
       0
       0
       1
       1
       0
       0
       0
       2
       0
       0
       0
       0
       0
       0
       1
       0
       0
       0
       0
       0
       1
       0
       0
       1
       1
       0
       0
       0
       0
       0
       0
       0
       1
       0
       0
       2
       0
       0
       1
       0
       1
       0
       0
       1
       0
       0
       2
       0
       0
       0
       2
       0
       0
       0
       1
       0
       0
       0
       0
       1
       1
       1
       0
       0
       2
       0
       0
       1
       1
       0
       0
       0
       1
       1
       2
       0
       1
       0
       1
       1
       0
       0
       2
       0
       0
       1
       0
       0
       0
       0
       1
       0
       0
       2
       0
       2
       1
       1
       0
       0
       0
       0
       1
       1
       1
       1
       0
       2
       1
       1
       2
       0
       0
       1
       0
       1
       0
       0
       0
       1
       2
       0
       2
       0
       0
       0
       0
       0
       0
       0
       0
       2
       0
       0
       1
       0
       1
       0
       0
       1
       1
       1
       1
       0
       0
       1
       1
       1
       1
       0
       0
       1
       0
       0
       1
       0
       2
       2
       0
       1
       2
       2
       0
       0
       0
       1
       0
       1
       0
       0
       1
       0
       0
       1
       2
       0
       1
       0
       1
       0
       0
       0
       0
       1
       2
       1
       1
       0
       0
       1
       0
       0
       2
       1
       0
       1
       1
       0
       1
       0
       0
       0
       0
       0
       1
       0
       0
       1
       1
       0
       0
       1
       1
       1
       0
       0
       0
       0
       0
       0
       0
       1
       1
       0
       0
       0
       0
       0
       0
       1
       1
       1
       1
       0
       2
       1
       0
       1
       1
       1
       1
       0
       0
       0
       1
       1
       0
       0
       0
       1
       1
       1
       3
       0
       1
       1
       0
       0
       0
       0
       2
       0
       2
       3
       0
       0
       0
       0
       1
       0
       0
       1
       0
       0
       1
       0
       0
       1
       0
       1
       0
       0
       1
       0
       0
       2
       2
       2
       0
       2
       0
       1
       1
       1
       1
       0
       0
       0
       1
       1
       0
       1
       2
       1
       1
       0
       1
       1
       1
       0
       1
       0
       0
       1
       0
       0
       0
       0
       0
       1
       0
       1
       0
       0
       1
       1
       0
       0
       1
       1
       0
       1
       0
       1
       0
       0
       1
       0
       3
       0
       1
       2
       0
       0
       0
       2
       0
       0
       0
       1
       1
       0
       0
       0
       1
       0
       1
       2
       1
       0
       0
       2
       0
       1
       1
       0
       0
       1
       0
       1
       0
       0
       0
       0
       2
       1
       0
       0
       0
       0
       1
       1
       0
       0
       0
       1
       0
       0
       2
       0
       0
       0
       2
       1
       0
       3
       0
       1
       0
       0
       0
       1
       0
       1
       0
       0
       1
       1
       0
       0
       1
       1
       1
       0
       0
       4
       2
       0
       1
       0
       2
       1
       0
       1
       0
       2
       1
       1
       2
       0
       1
       1
       0
       1
       1
       0
       2
       0
       0
       0
       0
       1
       1
       0
       0
       0
       1
       0
       0
       0
       1
       0
       3
       1
       0
       0
       1
       0
       0
       0
       1
       0
       0
       0
       1
       0
       1
       0
       1
       1
       3
       0
       1
       1
       1
       0
       1
       1
       0
       0
       2
       2
       1
       0
       2
       1
       1
       3
       0
       1
       2
       1
       2
       2
       1
       0
       0
       2
       0
       0
       0
       1
       1
       0
       1
       1
       1
       1
       0
       1
       2
       0
       2
       0
       0
       0
       2
       1
       0
       3
       2
       2
       1
       2
       2
       2
       0
       0
       1
       0
       1
       0
       0
       0
       0
       0
       0
       0
       0
       2
       1
       0
       0
       1
       0
       2
       0
       0
       2
       1
       1
       0
       0
       0
       1
       1
       0
       0
       0
       1
       1
       0
       0
       0
       0
       1
       1
       1
       1
       1
       1
       1
       0
       1
       1
       0
       1
       1
       0
       0
       0
       2
       0
       1
       0
       1
       1
       2
       0
       1
       0
       1
       1
       2
       0
       0
       2
       1
       0
       1
       1
       1
       1
       2
       0
       2
       1
       1
       1
       0
       1
       1
       1
       0
       1
       0
       2
       1
       1
       1
       0
       1
       0
       1
       0
       0
       2
       4
       2
       1
       2
       1
       0
       1
       1
       2
       0
       0
       1
       1
       0
       0
       1
       0
       0
       0
       0
       1
       0
       2
       0
       1
       2
       0
       1
       0
       1
       1
       0
       0
       0
       1
       1
       0
       1
       0
       2
       0
       2
       0
       1
       1
       2
       0
       1
       1
       1
       0
       1
       0
       1
       1
       2
       0
       1
       0
       0
       1
       0
       0
       0
       0
       1
       1
       0
       1
       1
       3
       1
       0
       2
       0
       2
       1
       0
       2
       1
       0
       0
       0
       0
       1
       1
       1
       1
       1
       0
       0
       2
       1
       0
       0
       0
       0
       0
       0
       2
       1
       2
       2
       1
       2
       0
       1
       0
       1
       1
       0
       2
       1
       2
       0
       1
       4
       1
       0
       0
       0
       2
       2
       0
       0
       2
       2
       0
       0
       2
       1
       0
       2
       0
       0
       1
       1
       0
       1
       0
       0
       2
       1
       1
       1
       1
       0
       1
       2
       0
       0
       1
       0
       0
       0
       1
       0
       1
       0
       3
       1
       1
       0
       1
       1
       1
       3
       1
       3
       1
       1
       1
       3
       2
       1
       1
       1
       0
       0
       1
       2
       0
       2
       0
       1
       0
       0
       2
       0
       0
       1
       1
       4
       1
       0
       0
       0
       0
       4
       0
       0
       2
       2
       0
       0
       0
       0
       0
       0
       0
       0
       1
       2
       1
       0
       3
       0
       0
       2
       0
       2
       0
       1
       0
       3
       1
       1
       0
       0
       0
       0
       0
       0
       0
       3
       1
       0
       2
       1
       1
       3
       1
       2
       0
       0
       1
       1
       2
       1
       1
       1
       2
       0
       0
       1
       1
       0
       3
       0
       1
       2
       3
       1
       1
       1
       0
       2
       1
       0
       0
       1
       0
       3
       0
       0
       0
       0
       0
       2
       1
       2
       5
       0
       1
       2
       1
       2
       0
       3
       0
       3
       2
       1
       2
       0
       1
       3
       0
       1
       2
       1
       1
       1
       0
       0
       1
       3
       1
       1
       0
       1
       0
       4
       1
       0
       0
       0
       1
       1
       3
       2
       3
       2
       3
       0
       1
       3
       0
       0
       1
       0
       1
       2
       0
       1
       0
       2
       0
       0
       0
       2
       2
       1
       0
       2
       3
       2
       5
       2
       0
       1
       3
       2
       1
       1
       1
       1
       3
       2
       1
       1
       1
       1
       0
       0
       0
       2
       1
       0
       2
       4
       1
       2
       2
       1
       0
       2
       0
       4
       2
       0
       1
       2
       1
       2
       2
       1
       1
       1
       1
       2
       3
       1
       0
       1
       0
       0
       1
       0
       0
       1
       0
       1
       2
       4
       0
       1
       2
       2
       1
       1
       2
       2
       1
       1
       3
       1
       0
       0
       2
       0
       1
       4
       1
       3
       3
       0
       0
       4
       4
       1
       1
       1
       2
       3
       1
       2
       1
       2
       3
       2
       3
       1
       1
       2
       1
       4
       1
       2
       2
       2
       2
       1
       0
       0
       2
       1
       5
       3
       2
       1
       2
       0
       0
       0
       4
       2
       2
       3
       4
       3
       2
       3
       4
       1
       1
       2
       3
       4
       2
       2
       1
       6
       3
       2
       2
       4
       1
       1
       3
       3
       2
       2
       5
       2
       2
       6
       4
       3
       3
       4
       1
       1
       2
       4
       5
       8
       1
       3
       4
       2
       2
       1
       3
       1
       5
       2
       2
       8
       5
       2
       4
       6
       7
       2
       5
       5
       5
       6
       4
       3
       3
       5
       7
       4
      10
       3
       3
       3
       7
       4
       4
       7
       5
       3
       5
       7
       7
       2
       8
       7
       5
       4
      12
       8
       8
       5
       5
       3
       5
       3
       7
       4
       4
       5
       5
       4
       2
       6
       5
       7
       4
       2
       8
       7
       3
       2
       4
       5
       6
       4
       4
      10
       6
       8
       6
       5
       2
       4
       5
       3
       7
      10
       8
       4
      10
       3
       7
       4
       7
       5
      11
       4
      10
       8
       4
      12
       8
      11
       7
      11
      14
       9
       6
       9
      12
      10
       8
      10
      14
      15
      12
       9
      17
      17
      16
      17
      21
      13
      18
      21
      21
      23
      18
      22
      20
      28
      20
      17
      32
      28
      29
      33
      21
      33
      36
      35
      43
      44
      52
      61
      52
      60
      56
      57
      55
      73
      87
      87
      76
     101
      80
     101
      89
     100
      93
     123
     114
     127
     125
     131
     125
     127
     134
     147
     166
     154
     167
     179
     157
     147
     174
     180
     174
     174
     165
     184
     169
     181
     170
     175
     214
     175
     188
     212
     213
     226
     226
     193
     229
     258
     223
     249
     249
     245
     265
     216
     254
     281
     275
     287
     328
     313
     315
     330
     354
     357
     340
     374
     348
     386
     385
     442
     434
     421
     408
     436
     490
     514
     506
     525
     525
     609
     580
     618
     611
     627
     634
     621
     667
     660
     602
     606
     599
     564
     529
     454
     443
     413
     343
     298
     238
     167
     128
      85
      90
      62
      36
      17
      11
      15
       6
       4
       2
       0
       0
       0
       0
       0
       0
       0
       0
       0
       0
       0
       0
       0
       0
       0
       0
       0
       0
       0
       0
       0
       0
       0
       0
       0
       0
       0
       0
       0
       0
       0
       0
       0
       0
       0
       0
       0
       0
       0
       0
       0
       0
       0
       0
       0
       0
       0
       0
       0
       0
       0
       0
       0
       0
       0
       0
       0
       0
       0
       0
       0
       0
       0
       0
       0
       0
       0
       0
       0
       0
       0
       0
       0
       0
       0
       0
       0
       0
       0
       0
       0
       0
       0
       0
       0
       0
       0
       0
       0
       0
       0
       0
       0
       0
       0
       0
       0
       0
       0
       0
       0
       0
       0
       0
       0
       0
       0
       0
       0
       0
       0
       0
       0
       0
       0
       0
       0
       0
       0
       0
       0
       0
       0
       0
       0
       0
       0
       0
       0
       0
       0
       0
       0
       0
       0
       0
       0
       0
       0
       0
       0
       0
       0
       0
       0
       0
       0
       0
       0
       0
       0
       0
       0
       0
       0
       0
       0
       0
       0
       0
       0
       0
       0
       0
       0
       0
       0
       0
       0
       0
       0
       0
       0
       0
       0
       0
       0
       0
       0
       0
       0
       0
       0
       0
       0
       0
       0
       0
       0
       0
       0
       0
       0
       0
       0
       0
       0
       0
       0
       0
       0
       0
       0
       0
       0
       0
       0
       0
       0
       0
       0
       0
       0
       0
       0
       0
       0
       0
       0
       0
       0
       0
       0
       0
       0
       0
       0
       0
       0
       0
       0
       0
       0
       0
       0
       0
       0
       0
       0
       0
       0
       0
       0
       0
       0
       0
       0
       0
       0
       0
       0
       0
       0
       0
       0
       0
       0
       0
       0
       0
       0
       0
       0
       0
       0
       0
       0
       0
       0
       0
       0
       0
       0
       0
       0
       0
       0
       0
       0
       0
       0
       0
       0
       0
       0
       0
       0
       0
       0
       0
       0
       0
       0
       0
       0
       0
       0
       0
       0
       0
       0
       0
       0
       0
       0
       0
       0
       0
       0
       0
       0
       0
       0
       0
       0
       0
       0
       0
       0
       0
       0
       0
       0
       0
       0
       0
       0
       0
       0
       0
       0
       0
       0
       0
       0
       0
       0
       0
       0
       0
       0
       0
       0
       0
       0
       0
       0
       0
       0
       0
       0
       0
       0
       0
       0
       0
       0
       0
       0
       0
       0
       0
       0
       0
       0
       0
       0
       0
       0
       0
       0
       0
$ROI:
0
$PRESETS:
Live Time
10000
0
$ENER_FIT:
0.000000 0.003445
$MCA_CAL:
3
0.000000E+000 3.444600E-003 0.000000E+000 MeV
$SHAPE_CAL:
3
2.068544E+001 0.000000E+000 0.000000E+000
