$SPEC_ID:
No sample description was entered.
$SPEC_REM:
DET# 1
DETDESC# E-C11SRPLAB223 MCB 129
AP# Maestro Version 7.01
$DATE_MEA:
02/19/2026 11:06:38
$MEAS_TIM:
359 359
$DATA:
0 2047
       0
       0
       0
       0
       0
       0
       0
       0
       0
       0
       0
       0
       0
       0
       0
       0
       0
       0
       0
       0
       0
       0
       0
       0
       0
       0
       0
       0
       0
       0
       0
       0
       0
       0
       0
       0
       0
       0
       0
       0
       1
       4
       1
       0
       1
       0
       0
       2
       0
       2
       3
       0
       0
       2
       1
       1
       4
       0
       2
       0
       1
       0
       1
       3
       1
       0
       1
       1
       0
       0
       0
       0
       0
       0
       1
       0
       0
       0
       1
       0
       1
       1
       0
       1
       1
       2
       1
       0
       1
       0
       1
       1
       0
       3
       0
       0
       0
       0
       0
       0
       0
       2
       1
       2
       1
       0
       0
       1
       0
       0
       0
       0
       2
       1
       2
       0
       0
       1
       0
       0
       1
       0
       0
       0
       0
       0
       0
       1
       3
       0
       1
       0
       0
       2
       0
       1
       1
       0
       3
       0
       0
       2
       0
       0
       0
       1
       0
       0
       1
       1
       1
       1
       0
       1
       0
       1
       0
       0
       0
       1
       1
       0
       0
       0
       0
       0
       2
       1
       0
       0
       1
       1
       0
       0
       0
       0
       0
       2
       0
       0
       1
       0
       0
       0
       0
       0
       0
       1
       0
       0
       0
       1
       0
       2
       0
       0
       3
       1
       0
       1
       0
       0
       2
       0
       0
       0
       2
       1
       0
       0
       0
       1
       1
       0
       0
       1
       1
       0
       1
       0
       0
       2
       0
       0
       0
       1
       1
       0
       1
       1
       1
       0
       0
       0
       1
       0
       0
       0
       0
       0
       1
       0
       0
       0
       0
       0
       0
       2
       0
       0
       2
       1
       1
       1
       0
       0
       0
       2
       1
       0
       0
       1
       0
       0
       0
       1
       1
       0
       0
       0
       0
       1
       1
       0
       0
       1
       1
       0
       0
       0
       1
       0
       0
       1
       0
       0
       0
       1
       1
       0
       0
       0
       0
       1
       0
       0
       1
       1
       0
       0
       0
       0
       2
       1
       0
       0
       1
       0
       1
       1
       0
       0
       0
       0
       0
       0
       0
       0
       1
       0
       2
       0
       1
       0
       0
       0
       0
       0
       1
       1
       0
       0
       0
       0
       0
       0
       0
       1
       1
       0
       0
       0
       1
       1
       0
       0
       0
       0
       0
       0
       0
       1
       0
       0
       1
       1
       0
       0
       3
       0
       1
       0
       1
       1
       0
       0
       0
       1
       1
       0
       0
       1
       0
       1
       2
       0
       2
       0
       1
       1
       1
       0
       1
       0
       0
       1
       1
       0
       1
       1
       1
       0
       0
       3
       0
       1
       2
       1
       2
       1
       1
       0
       1
       0
       0
       0
       0
       0
       2
       0
       0
       1
       2
       1
       0
       0
       0
       0
       1
       0
       0
       0
       0
       0
       0
       1
       0
       0
       3
       0
       0
       0
       0
       0
       1
       0
       0
       0
       0
       1
       2
       0
       0
       0
       0
       0
       0
       0
       1
       1
       0
       1
       0
       0
       1
       0
       0
       2
       0
       0
       0
       2
       2
       0
       1
       0
       1
       2
       0
       0
       2
       1
       0
       0
       1
       0
       0
       0
       0
       1
       0
       0
       3
       0
       0
       0
       0
       0
       0
       1
       1
       0
       0
       2
       0
       1
       0
       0
       1
       1
       3
       1
       0
       2
       1
       0
       1
       1
       2
       1
       0
       1
       0
       0
       0
       3
       0
       0
       1
       1
       1
       0
       1
       0
       0
       1
       0
       2
       0
       0
       1
       2
       0
       0
       1
       0
       0
       0
       0
       0
       0
       1
       3
       0
       1
       1
       0
       1
       1
       0
       1
       0
       1
       1
       1
       0
       0
       2
       1
       1
       0
       3
       2
       1
       0
       0
       1
       0
       0
       1
       0
       0
       1
       0
       1
       1
       1
       0
       1
       1
       1
       1
       0
       1
       1
       0
       0
       0
       1
       1
       1
       1
       0
       0
       1
       0
       0
       1
       0
       0
       0
       1
       1
       0
       0
       1
       1
       0
       0
       0
       2
       1
       0
       0
       0
       0
       1
       0
       1
       0
       1
       0
       1
       0
       0
       1
       0
       2
       1
       2
       1
       0
       0
       2
       1
       0
       1
       1
       0
       3
       0
       0
       0
       1
       1
       0
       0
       1
       1
       1
       1
       1
       1
       0
       1
       0
       0
       0
       1
       0
       1
       1
       1
       2
       0
       2
       2
       1
       1
       0
       0
       0
       2
       1
       0
       0
       4
       0
       2
       1
       1
       1
       0
       0
       0
       1
       1
       2
       0
       0
       1
       0
       0
       0
       0
       1
       1
       0
       1
       0
       1
       0
       0
       1
       5
       1
       3
       0
       0
       0
       1
       2
       1
       0
       0
       0
       0
       1
       0
       1
       2
       0
       1
       1
       2
       1
       0
       1
       1
       1
       0
       0
       1
       0
       0
       0
       0
       1
       0
       1
       1
       0
       2
       0
       0
       2
       1
       0
       2
       0
       2
       1
       1
       0
       0
       1
       1
       1
       0
       0
       0
       1
       0
       2
       2
       0
       0
       0
       0
       1
       0
       1
       1
       2
       0
       0
       0
       0
       2
       1
       2
       0
       1
       0
       1
       1
       1
       1
       3
       1
       1
       1
       0
       3
       0
       1
       0
       1
       1
       0
       1
       1
       0
       1
       1
       0
       0
       0
       0
       1
       1
       0
       0
       3
       0
       0
       0
       0
       2
       1
       0
       1
       1
       0
       0
       0
       0
       3
       1
       0
       2
       2
       1
       0
       0
       0
       0
       2
       1
       0
       0
       1
       1
       0
       0
       0
       1
       1
       1
       2
       0
       2
       2
       0
       0
       2
       1
       3
       0
       0
       2
       0
       0
       3
       0
       0
       0
       1
       2
       1
       1
       1
       1
       1
       0
       1
       1
       0
       0
       1
       0
       0
       3
       1
       0
       1
       0
       0
       2
       1
       2
       0
       1
       1
       0
       0
       1
       0
       1
       1
       0
       1
       1
       0
       1
       0
       1
       0
       2
       1
       0
       1
       0
       0
       0
       0
       1
       1
       0
       0
       0
       0
       0
       1
       0
       1
       3
       2
       0
       0
       2
       1
       2
       1
       1
       0
       1
       0
       0
       0
       1
       1
       1
       2
       0
       0
       1
       2
       2
       0
       0
       1
       0
       1
       2
       1
       2
       0
       1
       0
       1
       3
       0
       0
       0
       1
       2
       0
       0
       0
       0
       0
       1
       2
       1
       0
       0
       0
       0
       0
       2
       1
       1
       2
       0
       0
       2
       0
       1
       0
       2
       0
       1
       1
       0
       1
       2
       2
       1
       2
       1
       1
       0
       0
       0
       1
       1
       0
       1
       1
       1
       0
       0
       2
       1
       1
       1
       0
       1
       0
       0
       1
       2
       0
       0
       1
       0
       0
       0
       1
       4
       0
       2
       1
       0
       1
       0
       2
       0
       1
       1
       1
       0
       0
       0
       1
       1
       2
       2
       0
       0
       1
       0
       0
       0
       1
       2
       1
       0
       0
       3
       0
       0
       0
       1
       1
       0
       2
       1
       1
       0
       1
       1
       1
       3
       0
       2
       1
       0
       0
       2
       2
       1
       1
       2
       0
       0
       0
       0
       1
       0
       1
       0
       0
       2
       0
       0
       1
       1
       1
       2
       0
       0
       0
       0
       3
       1
       1
       1
       0
       1
       1
       0
       1
       0
       1
       0
       1
       2
       2
       1
       0
       1
       0
       2
       0
       1
       1
       2
       1
       1
       1
       1
       1
       1
       0
       2
       0
       0
       2
       1
       1
       1
       0
       2
       1
       2
       1
       1
       2
       0
       1
       4
       0
       2
       0
       0
       3
       2
       2
       0
       0
       2
       2
       1
       0
       0
       2
       1
       0
       1
       0
       0
       0
       3
       0
       0
       0
       2
       2
       3
       1
       0
       2
       2
       2
       2
       2
       2
       0
       3
       0
       0
       2
       0
       1
       1
       0
       1
       2
       1
       1
       5
       0
       0
       1
       0
       2
       1
       0
       4
       2
       1
       0
       1
       1
       1
       0
       1
       0
       0
       1
       2
       0
       1
       0
       3
       0
       0
       2
       1
       1
       2
       2
       2
       0
       0
       0
       1
       0
       2
       0
       0
       0
       0
       2
       2
       0
       0
       1
       3
       1
       1
       0
       1
       1
       2
       0
       0
       0
       1
       2
       0
       0
       0
       1
       1
       0
       1
       1
       0
       4
       0
       1
       1
       3
       3
       1
       1
       0
       0
       2
       1
       2
       3
       1
       2
       2
       1
       3
       0
       2
       1
       2
       3
       0
       1
       0
       1
       5
       3
       1
       2
       2
       1
       1
       3
       0
       1
       3
       0
       2
       1
       0
       0
       0
       3
       0
       1
       1
       3
       2
       0
       0
       1
       2
       0
       1
       1
       2
       4
       3
       2
       1
       0
       1
       0
       3
       2
       2
       2
       3
       2
       1
       2
       2
       1
       0
       1
       2
       3
       2
       2
       3
       4
       0
       1
       1
       2
       1
       1
       2
       1
       8
       0
       1
       0
       2
       0
       2
       1
       3
       4
       5
       1
       2
       3
       2
       3
       2
       4
       4
       3
       1
       6
       3
       1
       2
       1
       1
       4
       3
       2
       4
       1
       4
       2
       1
       1
       2
       2
       4
       2
       2
       2
       1
       0
       2
       1
       1
       2
       3
       5
       2
       5
       3
       2
       4
       4
       5
       3
       4
       6
       6
       4
       5
       4
       1
       5
       2
       3
       0
       4
       2
       5
       2
       6
       2
       3
       3
       3
       6
       4
       5
      10
       8
       4
      10
       5
       4
       1
       4
       5
       9
       5
       2
       6
       8
      10
       5
       4
       3
       5
       8
       5
       7
       6
       6
       8
       5
       3
       8
       5
       7
       5
       6
       5
       5
       0
       5
       6
       3
       4
       5
       4
       7
       6
       3
       5
       6
       3
       7
       3
       6
       8
       7
       3
       2
       5
       6
      15
       3
       3
       8
      10
       6
       9
       6
       4
       7
       6
      10
       9
      12
      10
      10
       7
       9
      14
      12
      15
       6
      10
      11
      16
       8
      11
      10
      12
      12
       7
      20
      21
      12
      17
      19
      15
      15
      18
      15
      23
      16
      19
      22
      24
      24
      26
      32
      25
      29
      30
      31
      35
      27
      34
      44
      48
      45
      37
      51
      55
      45
      49
      55
      64
      62
      75
      70
      80
      91
      87
      84
      97
     100
      80
      99
     100
      99
     122
     117
     116
     110
     135
     128
     142
     157
     142
     162
     155
     140
     158
     176
     157
     176
     184
     166
     183
     208
     169
     193
     207
     201
     170
     200
     208
     196
     213
     190
     228
     203
     242
     224
     233
     254
     278
     256
     250
     255
     287
     283
     261
     287
     291
     283
     321
     295
     347
     311
     373
     341
     338
     400
     414
     427
     406
     456
     464
     492
     498
     532
     547
     548
     514
     570
     553
     595
     555
     615
     580
     612
     630
     625
     637
     627
     620
     625
     537
     534
     440
     421
     361
     283
     234
     225
     155
     111
      81
      42
      35
      26
      15
      11
       7
       2
       1
       1
       1
       1
       0
       0
       1
       0
       0
       0
       0
       0
       0
       0
       0
       0
       0
       0
       0
       0
       0
       0
       0
       0
       0
       0
       0
       0
       0
       0
       0
       0
       0
       0
       0
       0
       0
       0
       0
       0
       0
       0
       0
       0
       0
       0
       0
       0
       0
       0
       0
       0
       0
       0
       0
       0
       0
       0
       0
       0
       0
       0
       0
       0
       0
       0
       0
       0
       0
       0
       0
       0
       0
       0
       0
       0
       0
       0
       0
       0
       0
       0
       0
       0
       0
       0
       0
       0
       0
       0
       0
       0
       0
       0
       0
       0
       0
       0
       0
       0
       0
       0
       0
       0
       0
       0
       0
       0
       0
       0
       0
       0
       0
       0
       0
       0
       0
       0
       0
       0
       0
       0
       0
       0
       0
       0
       0
       0
       0
       0
       0
       0
       0
       0
       0
       0
       0
       0
       0
       0
       0
       0
       0
       0
       0
       0
       0
       0
       0
       0
       0
       0
       0
       0
       0
       0
       0
       0
       0
       0
       0
       0
       0
       0
       0
       0
       0
       0
       0
       0
       0
       0
       0
       0
       0
       0
       0
       0
       0
       0
       0
       0
       0
       0
       0
       0
       0
       0
       0
       0
       0
       0
       0
       0
       0
       0
       0
       0
       0
       0
       0
       0
       0
       0
       0
       0
       0
       0
       0
       0
       0
       0
       0
       0
       0
       0
       0
       0
       0
       0
       0
       0
       0
       0
       0
       0
       0
       0
       0
       0
       0
       0
       0
       0
       0
       0
       0
       0
       0
       0
       0
       0
       0
       0
       0
       0
       0
       0
       0
       0
       0
       0
       0
       0
       0
       0
       0
       0
       0
       0
       0
       0
       0
       0
       0
       0
       0
       0
       0
       0
       0
       0
       0
       0
       0
       0
       0
       0
       0
       0
       0
       0
       0
       0
       0
       0
       0
       0
       0
       0
       0
       0
       0
       0
       0
       0
       0
       0
       0
       0
       0
       0
       0
       0
       0
       0
       0
       0
       0
       0
       0
       0
       0
       0
       0
       0
       0
       0
       0
       0
       0
       0
       0
       0
       0
       0
       0
       0
       0
       0
       0
       0
       0
       0
       0
       0
       0
       0
       0
       0
       0
       0
       0
       0
       0
       0
       0
       0
       0
       0
       0
       0
       0
       0
       0
       0
       0
       0
       0
       0
       0
       0
       0
       0
       0
       0
       0
       0
       0
       0
       0
       0
       0
       0
$ROI:
0
$PRESETS:
Live Time
10000
0
$ENER_FIT:
0.000000 0.003445
$MCA_CAL:
3
0.000000E+000 3.444600E-003 0.000000E+000 MeV
$SHAPE_CAL:
3
2.068544E+001 0.000000E+000 0.000000E+000
