$SPEC_ID:
No sample description was entered.
$SPEC_REM:
DET# 1
DETDESC# E-C11SRPLAB223 MCB 129
AP# Maestro Version 7.01
$DATE_MEA:
02/19/2026 11:13:17
$MEAS_TIM:
359 359
$DATA:
0 2047
       0
       0
       0
       0
       0
       0
       0
       0
       0
       0
       0
       0
       0
       0
       0
       0
       0
       0
       0
       0
       0
       0
       0
       0
       0
       0
       0
       0
       0
       0
       0
       0
       0
       0
       0
       1
       0
       0
       0
       0
       1
       1
       0
       0
       0
       1
       1
       1
       0
       1
       1
       1
       1
       0
       0
       0
       0
       1
       1
       1
       1
       1
       0
       0
       1
       0
       0
       0
       0
       1
       0
       0
       0
       0
       0
       1
       0
       1
       1
       2
       0
       0
       1
       0
       1
       2
       0
       1
       0
       0
       0
       0
       0
       0
       1
       0
       0
       0
       0
       0
       1
       0
       0
       1
       0
       0
       0
       1
       0
       1
       0
       0
       1
       0
       0
       0
       0
       1
       2
       0
       0
       1
       0
       1
       0
       1
       0
       0
       0
       1
       0
       0
       0
       0
       0
       0
       0
       0
       1
       1
       0
       0
       0
       0
       2
       0
       1
       1
       0
       0
       0
       0
       0
       0
       0
       0
       0
       1
       0
       0
       0
       0
       0
       0
       0
       1
       0
       0
       0
       0
       0
       1
       0
       1
       1
       0
       0
       0
       0
       1
       0
       1
       3
       0
       1
       0
       0
       0
       0
       1
       1
       1
       0
       0
       0
       1
       0
       1
       2
       0
       0
       0
       0
       0
       0
       1
       1
       0
       0
       0
       1
       1
       0
       0
       0
       1
       0
       0
       0
       1
       1
       1
       0
       0
       0
       1
       1
       1
       0
       1
       0
       1
       0
       0
       1
       0
       0
       0
       0
       0
       2
       0
       0
       0
       0
       0
       2
       0
       0
       0
       0
       1
       0
       0
       0
       1
       0
       0
       0
       1
       0
       0
       1
       0
       0
       0
       0
       0
       2
       1
       1
       2
       1
       0
       1
       1
       0
       1
       1
       0
       2
       0
       2
       1
       0
       0
       1
       0
       0
       0
       0
       0
       2
       0
       1
       0
       0
       1
       0
       0
       0
       0
       0
       0
       1
       0
       0
       0
       1
       1
       0
       0
       0
       1
       0
       2
       0
       0
       1
       0
       1
       1
       0
       0
       0
       0
       0
       0
       0
       2
       0
       1
       0
       1
       2
       1
       1
       1
       1
       0
       0
       0
       1
       0
       1
       1
       1
       0
       1
       1
       1
       0
       1
       0
       0
       1
       0
       0
       0
       0
       0
       1
       0
       1
       2
       0
       0
       1
       0
       0
       0
       1
       0
       0
       1
       0
       0
       0
       0
       0
       0
       1
       0
       1
       0
       1
       0
       0
       0
       1
       0
       0
       1
       2
       0
       0
       0
       1
       1
       0
       0
       2
       0
       0
       2
       1
       0
       0
       0
       0
       0
       0
       0
       1
       0
       1
       0
       0
       0
       0
       3
       1
       0
       1
       1
       0
       1
       0
       0
       0
       0
       0
       0
       1
       2
       0
       0
       0
       1
       0
       0
       0
       0
       0
       0
       0
       0
       0
       0
       0
       0
       1
       1
       0
       1
       0
       0
       0
       1
       0
       0
       0
       0
       0
       0
       1
       0
       1
       2
       1
       0
       0
       1
       1
       1
       0
       0
       0
       1
       0
       1
       2
       0
       1
       2
       1
       0
       0
       0
       0
       0
       0
       0
       0
       1
       2
       0
       1
       0
       0
       0
       1
       0
       1
       1
       0
       0
       0
       0
       1
       0
       0
       1
       0
       0
       0
       3
       0
       1
       1
       0
       0
       0
       0
       0
       0
       0
       1
       1
       0
       0
       0
       2
       0
       0
       0
       0
       0
       0
       1
       1
       1
       2
       0
       1
       0
       1
       2
       1
       0
       0
       0
       0
       0
       1
       1
       0
       1
       0
       0
       0
       0
       2
       0
       1
       0
       1
       0
       2
       0
       0
       1
       0
       0
       0
       1
       1
       0
       1
       0
       0
       2
       2
       1
       1
       1
       0
       3
       1
       0
       0
       0
       0
       1
       2
       1
       0
       0
       0
       1
       0
       1
       1
       1
       0
       0
       0
       0
       1
       0
       1
       1
       0
       0
       2
       1
       1
       0
       1
       0
       0
       0
       0
       1
       0
       0
       0
       0
       1
       1
       1
       0
       0
       1
       1
       0
       0
       2
       0
       2
       0
       1
       0
       1
       0
       0
       0
       0
       0
       2
       0
       1
       0
       2
       1
       0
       0
       0
       1
       2
       0
       1
       0
       3
       0
       0
       0
       0
       1
       1
       0
       0
       0
       0
       0
       0
       0
       0
       1
       0
       0
       0
       0
       0
       2
       0
       1
       0
       0
       0
       0
       1
       1
       0
       1
       0
       0
       0
       0
       0
       1
       2
       2
       0
       0
       1
       1
       1
       1
       2
       0
       1
       0
       2
       2
       1
       1
       0
       1
       0
       0
       0
       0
       0
       1
       0
       0
       1
       1
       0
       1
       2
       0
       0
       3
       2
       0
       1
       1
       1
       1
       0
       1
       0
       1
       0
       0
       0
       1
       0
       0
       1
       0
       1
       1
       1
       0
       1
       2
       0
       1
       2
       1
       1
       1
       1
       0
       1
       0
       1
       0
       0
       0
       1
       1
       0
       0
       0
       0
       0
       0
       0
       1
       0
       1
       0
       0
       2
       0
       0
       0
       3
       0
       1
       0
       3
       2
       0
       0
       0
       2
       3
       0
       1
       1
       0
       0
       1
       0
       1
       0
       0
       0
       0
       1
       1
       2
       0
       3
       0
       2
       4
       0
       1
       0
       0
       1
       0
       0
       1
       1
       4
       0
       1
       0
       1
       0
       1
       1
       1
       0
       0
       1
       1
       0
       1
       0
       1
       1
       1
       0
       1
       0
       2
       1
       0
       0
       0
       2
       0
       0
       2
       0
       0
       0
       0
       0
       1
       0
       0
       1
       0
       0
       1
       0
       0
       0
       2
       0
       0
       3
       0
       0
       0
       1
       0
       1
       1
       0
       1
       2
       0
       0
       0
       1
       0
       1
       2
       2
       0
       0
       0
       0
       1
       2
       1
       0
       0
       1
       1
       2
       2
       1
       3
       0
       1
       1
       2
       0
       1
       0
       1
       0
       0
       0
       0
       0
       0
       0
       2
       0
       0
       2
       0
       0
       2
       0
       2
       0
       1
       1
       0
       3
       1
       1
       1
       0
       2
       1
       0
       4
       0
       0
       1
       1
       0
       0
       0
       1
       0
       2
       1
       0
       0
       0
       1
       1
       0
       0
       0
       3
       0
       3
       0
       2
       0
       1
       1
       0
       0
       1
       0
       0
       1
       0
       0
       0
       1
       0
       1
       0
       0
       0
       1
       1
       2
       1
       1
       0
       0
       1
       1
       0
       0
       0
       0
       1
       2
       1
       1
       0
       0
       1
       0
       1
       0
       1
       0
       2
       0
       2
       1
       0
       1
       0
       0
       0
       1
       0
       1
       0
       0
       1
       1
       1
       0
       4
       1
       0
       2
       1
       1
       0
       1
       0
       0
       2
       0
       0
       1
       0
       1
       2
       0
       0
       1
       0
       2
       2
       2
       1
       1
       1
       2
       0
       0
       3
       0
       1
       0
       0
       0
       0
       0
       0
       1
       3
       1
       1
       0
       0
       1
       0
       0
       3
       1
       2
       3
       1
       0
       1
       0
       1
       1
       0
       0
       1
       2
       0
       1
       1
       1
       3
       1
       1
       2
       2
       1
       0
       0
       0
       2
       1
       1
       0
       2
       1
       1
       2
       2
       3
       0
       1
       0
       0
       2
       0
       1
       1
       1
       2
       1
       1
       1
       1
       2
       2
       1
       1
       1
       1
       1
       1
       0
       0
       0
       2
       1
       1
       0
       1
       5
       3
       0
       1
       1
       0
       1
       0
       0
       2
       2
       0
       1
       1
       1
       1
       1
       0
       2
       2
       3
       3
       0
       0
       1
       2
       2
       3
       2
       0
       0
       1
       1
       1
       1
       1
       2
       2
       4
       0
       2
       3
       0
       0
       0
       0
       5
       3
       2
       4
       2
       1
       0
       2
       2
       0
       2
       0
       1
       0
       2
       0
       1
       1
       1
       1
       0
       1
       2
       3
       2
       0
       0
       2
       1
       2
       0
       1
       1
       2
       2
       3
       0
       1
       2
       3
       1
       2
       2
       3
       4
       1
       0
       0
       0
       3
       3
       1
       2
       2
       3
       1
       1
       1
       1
       5
       3
       3
       2
       2
       1
       0
       1
       3
       3
       2
       2
       0
       3
       0
       3
       3
       3
       2
       2
       2
       0
       4
       3
       3
       0
       2
       5
       2
       2
       2
       4
       0
       3
       3
       3
       4
       3
       7
       3
       7
       2
       1
       7
       7
       3
       3
       1
       1
       2
       4
       4
       5
       5
       4
       4
       8
       2
       4
       4
       8
       6
       6
       0
       4
       6
       1
       4
       4
       2
       4
       1
       3
       5
       3
       9
       8
       1
       6
       1
       7
       8
       5
       1
       7
       6
       6
       8
       7
       5
       2
       5
       6
       2
       3
       4
       2
       4
       2
       6
       5
       3
       5
       9
       4
       4
       3
       6
       9
       6
       3
       5
       5
      10
       4
       8
       3
       2
       8
       6
       5
       7
       9
       4
       6
       9
       3
       7
       8
       4
       6
       6
       9
       3
       5
       8
       5
       7
       7
       8
      10
       5
       9
       9
       8
       9
      10
      16
       6
      13
      11
       8
      12
      19
      17
      13
      10
      17
       9
      15
      22
      12
      11
      26
      18
      21
      19
      19
      23
      19
      21
      19
      29
      38
      27
      41
      35
      42
      25
      50
      51
      46
      54
      45
      47
      54
      61
      52
      71
      78
      74
      62
      88
      71
      83
      88
      83
      81
     119
      98
     106
      90
      92
      96
     122
      97
     119
     119
     105
     145
     127
     129
     141
     140
     120
     144
     151
     120
     124
     131
     158
     161
     151
     172
     165
     155
     133
     161
     156
     176
     191
     185
     168
     175
     196
     175
     165
     188
     167
     187
     188
     219
     198
     213
     194
     222
     217
     237
     246
     210
     240
     228
     224
     251
     244
     258
     250
     286
     268
     259
     297
     297
     303
     303
     306
     317
     327
     329
     358
     383
     372
     404
     412
     413
     404
     395
     417
     399
     446
     464
     453
     477
     485
     466
     465
     463
     469
     451
     441
     443
     446
     419
     378
     373
     375
     314
     294
     245
     243
     210
     185
     176
     139
     117
     115
      89
      88
      61
      57
      60
      40
      32
      14
      19
      13
      11
       9
       5
       5
       3
       8
       8
       2
       1
       2
       3
       3
       3
       0
       0
       3
       2
       1
       0
       0
       3
       1
       0
       1
       0
       1
       3
       1
       0
       1
       0
       3
       2
       0
       1
       1
       0
       0
       2
       2
       2
       2
       3
       1
       0
       1
       1
       5
       4
       1
       0
       0
       2
       1
       1
       1
       1
       2
       1
       2
       1
       1
       2
       6
       1
       1
       1
       3
       0
       2
       5
       4
       4
       4
      10
       6
       3
       6
       4
       4
      11
      14
       7
       3
       2
       3
       2
       2
       2
       3
       2
       2
       3
       3
       1
       1
       0
       0
       0
       0
       0
       0
       0
       0
       0
       0
       0
       0
       0
       0
       0
       0
       0
       0
       0
       0
       0
       0
       0
       0
       0
       0
       0
       0
       0
       0
       0
       0
       0
       0
       0
       0
       0
       0
       0
       0
       0
       0
       0
       0
       0
       0
       0
       0
       0
       0
       0
       0
       0
       0
       0
       0
       0
       0
       0
       0
       0
       0
       0
       0
       0
       0
       0
       0
       0
       0
       0
       0
       0
       0
       0
       0
       0
       0
       0
       0
       0
       0
       0
       0
       0
       0
       0
       0
       0
       0
       0
       0
       0
       0
       0
       0
       0
       0
       0
       0
       0
       0
       0
       0
       0
       0
       0
       0
       0
       0
       0
       0
       0
       0
       0
       0
       0
       0
       0
       0
       0
       0
       0
       0
       0
       0
       0
       0
       0
       0
       0
       0
       0
       0
       0
       0
       0
       0
       0
       0
       0
       0
       0
       0
       0
       0
       0
       0
       0
       0
       0
       0
       0
       0
       0
       0
       0
       0
       0
       0
       0
       0
       0
       0
       0
       0
       0
       0
       0
       0
       0
       0
       0
       0
       0
       0
       0
       0
       0
       0
       0
       0
       0
       0
       0
       0
       0
       0
       0
       0
       0
       0
       0
       0
       0
       0
       0
       0
       0
       0
       0
       0
       0
       0
       0
       0
       0
       0
       0
       0
       0
       0
       0
       0
       0
       0
       0
       0
       0
       0
       0
       0
       0
       0
       0
       0
       0
       0
       0
       0
       0
       0
       0
       0
       0
       0
       0
       0
       0
       0
       0
       0
       0
       0
       0
       0
       0
       0
       0
       0
       0
       0
       0
       0
       0
       0
       0
       0
       0
       0
       0
       0
       0
       0
       0
       0
       0
       0
       0
       0
       0
       0
       0
       0
       0
       0
       0
       0
       0
       0
       0
       0
       0
       0
       0
       0
       0
       0
       0
       0
       0
       0
       0
       0
       0
       0
       0
       0
       0
       0
       0
       0
       0
       0
       0
       0
       0
       0
       0
       0
       0
       0
       0
       0
       0
       0
       0
       0
       0
       0
       0
       0
       0
       0
       0
       0
       0
       0
       0
       0
       0
       0
       0
       0
       0
       0
       0
       0
       0
       0
       0
       0
       0
       0
       0
       0
       0
       0
       0
       0
       0
       0
       0
       0
       0
       0
       0
       0
       0
       0
       0
       0
       0
       0
       0
       0
       0
       0
       0
       0
       0
       0
       0
       0
       0
       0
       0
       0
       0
       0
       0
$ROI:
0
$PRESETS:
Live Time
10000
0
$ENER_FIT:
0.000000 0.003445
$MCA_CAL:
3
0.000000E+000 3.444600E-003 0.000000E+000 MeV
$SHAPE_CAL:
3
2.068544E+001 0.000000E+000 0.000000E+000
