$SPEC_ID:
No sample description was entered.
$SPEC_REM:
DET# 1
DETDESC# E-C11SRPLAB223 MCB 129
AP# Maestro Version 7.01
$DATE_MEA:
02/19/2026 11:25:50
$MEAS_TIM:
360 360
$DATA:
0 2047
       0
       0
       0
       0
       0
       0
       0
       0
       0
       0
       0
       0
       0
       0
       0
       0
       0
       0
       0
       0
       0
       0
       0
       0
       0
       0
       0
       0
       1
       0
       0
       0
       1
       0
       1
       0
       1
       0
       1
       0
       1
       0
       2
       1
       1
       0
       0
       0
       1
       0
       0
       1
       2
       0
       1
       2
       0
       1
       1
       0
       0
       1
       1
       0
       0
       0
       1
       0
       0
       1
       1
       1
       0
       2
       1
       0
       1
       1
       0
       0
       0
       0
       2
       1
       0
       0
       0
       0
       2
       1
       0
       2
       1
       1
       0
       0
       1
       0
       0
       0
       1
       1
       0
       0
       0
       1
       0
       0
       1
       0
       0
       0
       0
       0
       2
       0
       0
       1
       0
       1
       0
       1
       0
       2
       0
       0
       1
       0
       0
       0
       0
       1
       0
       0
       0
       0
       1
       1
       1
       0
       0
       0
       0
       0
       0
       0
       0
       0
       0
       0
       2
       0
       1
       0
       0
       1
       2
       0
       0
       0
       1
       1
       1
       0
       0
       0
       0
       0
       2
       0
       0
       0
       1
       1
       0
       1
       0
       0
       0
       0
       0
       0
       0
       0
       1
       0
       0
       0
       1
       0
       0
       0
       0
       0
       0
       0
       1
       0
       0
       1
       0
       0
       0
       0
       0
       1
       0
       0
       0
       1
       1
       0
       0
       1
       0
       1
       0
       0
       2
       0
       0
       0
       0
       0
       0
       0
       0
       2
       1
       1
       1
       0
       2
       0
       0
       0
       0
       0
       1
       0
       0
       0
       1
       0
       0
       2
       0
       1
       1
       1
       1
       1
       1
       0
       0
       0
       0
       0
       0
       0
       0
       1
       0
       0
       1
       0
       1
       0
       1
       0
       1
       1
       0
       0
       1
       1
       0
       1
       0
       0
       0
       0
       0
       0
       1
       0
       0
       0
       2
       1
       0
       0
       0
       0
       1
       0
       1
       0
       0
       0
       0
       0
       0
       0
       1
       0
       0
       0
       1
       0
       0
       0
       0
       1
       0
       1
       0
       0
       0
       0
       1
       0
       0
       1
       0
       2
       1
       0
       0
       1
       0
       1
       0
       1
       2
       0
       1
       0
       0
       0
       0
       1
       0
       2
       0
       1
       1
       0
       2
       0
       0
       0
       1
       0
       0
       0
       1
       0
       1
       1
       2
       0
       1
       0
       2
       4
       0
       1
       0
       0
       0
       0
       0
       0
       0
       0
       1
       0
       0
       0
       0
       0
       0
       0
       0
       0
       0
       2
       0
       0
       1
       0
       3
       0
       1
       0
       1
       1
       0
       0
       0
       0
       2
       0
       0
       1
       0
       0
       0
       1
       1
       0
       0
       0
       0
       0
       2
       1
       0
       0
       0
       0
       0
       0
       0
       1
       2
       1
       0
       0
       0
       1
       0
       1
       0
       0
       0
       0
       0
       1
       2
       1
       0
       0
       0
       2
       1
       1
       1
       0
       0
       1
       0
       0
       1
       0
       0
       0
       0
       1
       1
       0
       0
       0
       0
       0
       1
       0
       0
       0
       0
       0
       0
       0
       1
       0
       0
       1
       0
       1
       0
       0
       0
       0
       0
       2
       0
       1
       0
       2
       1
       1
       1
       2
       1
       1
       1
       0
       0
       0
       1
       0
       0
       0
       0
       2
       0
       0
       1
       0
       1
       0
       0
       2
       1
       1
       0
       0
       1
       1
       2
       2
       0
       1
       0
       1
       0
       1
       2
       0
       0
       0
       0
       0
       0
       0
       4
       0
       0
       0
       2
       0
       0
       1
       0
       0
       0
       1
       0
       0
       0
       0
       0
       0
       3
       2
       0
       1
       0
       0
       0
       1
       1
       1
       2
       0
       0
       0
       0
       0
       1
       0
       0
       0
       1
       0
       0
       0
       0
       0
       0
       0
       0
       1
       0
       0
       0
       0
       0
       0
       1
       0
       2
       0
       0
       0
       0
       1
       1
       0
       0
       1
       2
       1
       0
       0
       1
       2
       1
       0
       0
       2
       1
       1
       1
       0
       0
       1
       0
       0
       0
       0
       3
       0
       0
       0
       3
       1
       1
       0
       0
       0
       0
       0
       0
       2
       0
       1
       1
       0
       0
       0
       1
       2
       2
       1
       1
       1
       0
       0
       0
       0
       0
       1
       2
       0
       2
       1
       0
       1
       0
       3
       0
       0
       0
       1
       2
       0
       0
       2
       1
       0
       0
       0
       1
       0
       1
       0
       0
       2
       1
       1
       1
       0
       0
       0
       2
       1
       1
       0
       2
       3
       0
       0
       0
       1
       0
       0
       1
       0
       0
       1
       1
       1
       0
       2
       0
       1
       1
       1
       0
       2
       1
       0
       1
       1
       0
       0
       0
       1
       0
       1
       1
       0
       2
       0
       0
       0
       0
       1
       0
       2
       1
       0
       1
       3
       1
       1
       1
       0
       1
       0
       1
       0
       0
       0
       3
       1
       1
       1
       1
       0
       0
       1
       0
       1
       1
       0
       3
       0
       1
       1
       2
       1
       0
       0
       4
       0
       0
       0
       2
       2
       1
       0
       0
       2
       0
       3
       2
       0
       0
       0
       0
       1
       1
       2
       1
       0
       1
       1
       0
       2
       1
       0
       0
       1
       1
       0
       1
       0
       1
       1
       3
       1
       0
       0
       3
       2
       0
       1
       0
       1
       0
       0
       0
       1
       0
       1
       0
       0
       1
       1
       1
       2
       0
       2
       0
       0
       1
       0
       3
       0
       1
       0
       0
       0
       0
       2
       0
       1
       1
       0
       1
       0
       2
       2
       1
       0
       0
       0
       0
       0
       2
       0
       0
       2
       0
       1
       0
       2
       2
       2
       0
       2
       0
       1
       0
       0
       0
       0
       1
       0
       0
       0
       0
       0
       0
       1
       0
       2
       0
       0
       0
       0
       2
       0
       0
       0
       0
       1
       0
       0
       1
       3
       0
       0
       1
       0
       0
       1
       0
       0
       0
       0
       2
       1
       1
       1
       1
       1
       2
       2
       0
       1
       1
       0
       0
       0
       0
       0
       1
       1
       0
       1
       1
       0
       0
       0
       0
       0
       1
       0
       1
       0
       1
       0
       0
       0
       1
       1
       0
       0
       0
       2
       0
       0
       2
       0
       0
       2
       0
       0
       1
       1
       0
       2
       2
       1
       1
       2
       1
       1
       1
       2
       1
       1
       2
       0
       0
       0
       2
       0
       0
       1
       0
       0
       1
       1
       0
       0
       1
       1
       2
       2
       0
       1
       1
       4
       1
       1
       0
       1
       0
       3
       0
       1
       0
       0
       1
       1
       0
       0
       2
       0
       0
       2
       3
       1
       1
       0
       0
       0
       1
       1
       1
       0
       1
       0
       1
       1
       1
       1
       0
       0
       0
       0
       1
       1
       0
       0
       0
       0
       1
       3
       0
       1
       1
       2
       0
       0
       0
       0
       0
       1
       0
       0
       0
       1
       0
       0
       0
       2
       1
       2
       4
       1
       2
       0
       3
       1
       2
       0
       2
       3
       0
       0
       0
       0
       1
       2
       2
       4
       1
       1
       2
       1
       1
       1
       1
       1
       1
       0
       2
       1
       1
       1
       0
       0
       0
       1
       0
       0
       0
       4
       4
       1
       0
       0
       2
       0
       0
       1
       1
       0
       0
       4
       1
       0
       2
       0
       1
       0
       0
       1
       1
       1
       1
       2
       0
       0
       0
       1
       1
       0
       0
       0
       2
       1
       0
       0
       1
       1
       0
       3
       3
       0
       1
       4
       1
       3
       0
       0
       1
       0
       1
       2
       3
       1
       0
       0
       1
       0
       1
       1
       1
       0
       1
       2
       0
       1
       1
       0
       2
       2
       0
       2
       0
       1
       1
       2
       1
       1
       2
       1
       0
       2
       4
       2
       2
       2
       3
       2
       3
       3
       1
       2
       1
       2
       1
       2
       1
       2
       2
       2
       1
       1
       4
       1
       2
       0
       1
       3
       2
       2
       0
       1
       1
       1
       0
       1
       0
       2
       3
       1
       1
       0
       2
       1
       1
       3
       3
       2
       0
       2
       3
       2
       1
       2
       1
       0
       5
       0
       1
       0
       1
       0
       4
       3
       1
       3
       4
       5
      10
       4
       2
       2
       5
       2
       2
       1
       0
       2
       1
       3
       3
       1
       2
       1
       5
       3
       1
       4
       3
       1
       2
       2
       2
       0
       3
       3
       3
       4
       3
       4
       1
       3
       4
       3
       4
       1
       5
       3
       4
       2
       5
       1
       5
       2
       4
       1
       5
       2
       3
       3
       6
       2
       2
       2
       3
       2
       3
       5
       1
       2
       4
       3
       1
       0
       3
       4
       4
       3
       5
       4
       3
       4
       3
       6
       8
       4
       5
       7
       4
       5
       9
       3
       3
       6
       4
       5
       4
       4
       4
       6
       4
       6
       4
       4
      10
       4
       9
       6
       4
       3
       6
       5
       5
       5
       3
       4
       6
       2
       5
       7
       5
       0
       4
       5
       5
       4
       6
       4
       3
       4
       6
       5
       5
       2
       7
       7
       5
       4
       4
       9
       6
      12
       4
       4
       4
       6
      10
       6
       6
       9
       4
       8
       6
       5
       7
       7
       6
       6
       8
       6
       6
       6
       7
      14
      11
      12
       8
      12
      15
      14
      16
      17
       5
      12
      13
      12
      21
      17
      22
      13
      23
      21
      19
      27
      21
      27
      30
      24
      27
      29
      27
      31
      26
      43
      38
      37
      36
      46
      54
      46
      47
      54
      48
      42
      60
      67
      62
      63
      73
      66
      81
      83
      85
      92
      85
      83
      88
      89
      99
      93
     103
     110
     123
      97
     123
     126
     101
     130
     131
     128
     131
     128
     140
     141
     144
     152
     151
     166
     163
     158
     143
     163
     148
     156
     150
     152
     142
     174
     173
     161
     171
     157
     192
     159
     163
     190
     175
     181
     198
     207
     195
     195
     208
     184
     215
     207
     184
     207
     229
     241
     210
     225
     239
     261
     279
     249
     256
     291
     271
     294
     266
     265
     286
     327
     316
     312
     325
     331
     365
     353
     373
     379
     379
     355
     386
     444
     407
     418
     420
     459
     424
     456
     500
     471
     446
     466
     473
     448
     449
     437
     424
     387
     403
     386
     341
     325
     299
     268
     230
     247
     196
     177
     163
     126
     121
     106
      91
      64
      68
      54
      48
      35
      21
      23
      19
      13
      12
      11
       3
       2
       5
       2
       1
       4
       2
       2
       1
       2
       0
       0
       1
       0
       1
       1
       1
       1
       0
       0
       0
       0
       1
       0
       1
       0
       0
       2
       0
       2
       5
       0
       0
       2
       0
       1
       0
       1
       2
       2
       4
       2
       2
       1
       3
       3
       4
       1
       1
       1
       1
       5
       1
       2
       3
       1
       1
       3
       0
       0
       1
       2
       3
       5
       0
       4
       4
       5
       7
       5
       1
       4
      13
       5
       3
       9
       4
       6
       5
       3
       5
       3
       3
       8
       3
       1
       1
       3
       0
       5
       2
       2
       0
       1
       2
       0
       0
       0
       0
       0
       0
       0
       0
       0
       0
       0
       0
       0
       0
       0
       0
       0
       0
       0
       0
       0
       0
       0
       0
       0
       0
       0
       0
       0
       0
       0
       0
       0
       0
       0
       0
       0
       0
       0
       0
       0
       0
       0
       0
       0
       0
       0
       0
       0
       0
       0
       0
       0
       0
       0
       0
       0
       0
       0
       0
       0
       0
       0
       0
       0
       0
       0
       0
       0
       0
       0
       0
       0
       0
       0
       0
       0
       0
       0
       0
       0
       0
       0
       0
       0
       0
       0
       0
       0
       0
       0
       0
       0
       0
       0
       0
       0
       0
       0
       0
       0
       0
       0
       0
       0
       0
       0
       0
       0
       0
       0
       0
       0
       0
       0
       0
       0
       0
       0
       0
       0
       0
       0
       0
       0
       0
       0
       0
       0
       0
       0
       0
       0
       0
       0
       0
       0
       0
       0
       0
       0
       0
       0
       0
       0
       0
       0
       0
       0
       0
       0
       0
       0
       0
       0
       0
       0
       0
       0
       0
       0
       0
       0
       0
       0
       0
       0
       0
       0
       0
       0
       0
       0
       0
       0
       0
       0
       0
       0
       0
       0
       0
       0
       0
       0
       0
       0
       0
       0
       0
       0
       0
       0
       0
       0
       0
       0
       0
       0
       0
       0
       0
       0
       0
       0
       0
       0
       0
       0
       0
       0
       0
       0
       0
       0
       0
       0
       0
       0
       0
       0
       0
       0
       0
       0
       0
       0
       0
       0
       0
       0
       0
       0
       0
       0
       0
       0
       0
       0
       0
       0
       0
       0
       0
       0
       0
       0
       0
       0
       0
       0
       0
       0
       0
       0
       0
       0
       0
       0
       0
       0
       0
       0
       0
       0
       0
       0
       0
       0
       0
       0
       0
       0
       0
       0
       0
       0
       0
       0
       0
       0
       0
       0
       0
       0
       0
       0
       0
       0
       0
       0
       0
       0
       0
       0
       0
       0
       0
       0
       0
       0
       0
       0
       0
       0
       0
       0
       0
       0
       0
       0
       0
       0
       0
       0
       0
       0
       0
       0
       0
       0
       0
       0
       0
       0
       0
       0
       0
       0
       0
       0
       0
       0
       0
       0
       0
       0
       0
       0
       0
       0
       0
       0
       0
       0
       0
       0
       0
       0
       0
       0
       0
       0
       0
       0
       0
       0
       0
       0
       0
       0
       0
       0
       0
       0
       0
       0
       0
       0
       0
       0
       0
       0
       0
       0
       0
       0
       0
       0
       0
       0
$ROI:
0
$PRESETS:
Live Time
10000
0
$ENER_FIT:
0.000000 0.003445
$MCA_CAL:
3
0.000000E+000 3.444600E-003 0.000000E+000 MeV
$SHAPE_CAL:
3
2.068544E+001 0.000000E+000 0.000000E+000
