$SPEC_ID:
No sample description was entered.
$SPEC_REM:
DET# 1
DETDESC# E-C11SRPLAB223 MCB 129
AP# Maestro Version 7.01
$DATE_MEA:
02/19/2026 11:32:53
$MEAS_TIM:
360 360
$DATA:
0 2047
       0
       0
       0
       0
       0
       0
       0
       0
       0
       0
       0
       0
       0
       0
       0
       0
       0
       0
       0
       0
       0
       0
       0
       0
       0
       0
       0
       0
       0
       0
       0
       0
       0
       0
       0
       0
       0
       0
       0
       7
       6
       5
       3
       0
       1
       1
       0
       1
       0
       1
       1
       2
       1
       1
       1
       1
       0
       1
       0
       2
       3
       0
       0
       0
       2
       1
       0
       0
       1
       0
       1
       0
       0
       0
       0
       1
       0
       0
       2
       1
       1
       0
       1
       0
       0
       0
       1
       1
       0
       0
       1
       2
       0
       0
       2
       1
       0
       0
       0
       1
       0
       2
       0
       0
       0
       2
       0
       0
       0
       0
       2
       0
       0
       0
       0
       0
       0
       1
       1
       1
       3
       2
       2
       0
       0
       0
       1
       0
       0
       1
       0
       0
       0
       0
       0
       3
       0
       0
       0
       0
       1
       0
       0
       1
       0
       0
       0
       0
       1
       0
       0
       0
       2
       0
       0
       1
       1
       0
       1
       2
       0
       2
       0
       0
       0
       0
       0
       0
       1
       0
       0
       1
       0
       2
       1
       0
       0
       0
       1
       0
       0
       0
       1
       0
       0
       0
       0
       0
       0
       0
       2
       0
       2
       1
       0
       1
       2
       0
       2
       0
       0
       0
       0
       0
       2
       0
       2
       1
       0
       0
       1
       0
       0
       1
       0
       0
       1
       1
       0
       0
       1
       0
       0
       0
       0
       1
       0
       3
       1
       1
       1
       1
       0
       0
       0
       0
       0
       1
       0
       0
       1
       0
       1
       1
       0
       0
       0
       0
       0
       0
       0
       0
       0
       1
       0
       0
       0
       0
       3
       3
       1
       0
       1
       1
       1
       0
       1
       0
       0
       0
       0
       0
       1
       0
       0
       0
       0
       0
       0
       0
       1
       0
       1
       1
       0
       1
       0
       2
       1
       0
       0
       1
       0
       1
       0
       0
       0
       1
       0
       1
       0
       1
       2
       0
       0
       1
       1
       3
       1
       0
       0
       0
       0
       2
       2
       0
       0
       1
       0
       0
       1
       0
       0
       1
       1
       1
       1
       0
       0
       1
       2
       1
       0
       0
       0
       0
       3
       0
       2
       0
       2
       1
       0
       0
       0
       0
       0
       2
       1
       1
       0
       1
       1
       0
       0
       0
       0
       1
       1
       0
       0
       2
       1
       0
       0
       2
       1
       3
       1
       0
       0
       0
       1
       1
       1
       1
       1
       0
       0
       1
       1
       0
       1
       2
       1
       0
       0
       0
       1
       0
       0
       0
       0
       0
       2
       0
       1
       1
       0
       0
       0
       0
       1
       0
       1
       0
       0
       1
       1
       0
       1
       1
       1
       0
       1
       2
       3
       0
       0
       0
       2
       1
       0
       1
       0
       0
       0
       2
       0
       0
       2
       1
       0
       0
       1
       1
       1
       3
       1
       0
       0
       1
       0
       2
       1
       0
       0
       0
       1
       0
       2
       2
       0
       0
       0
       1
       2
       1
       0
       0
       0
       0
       0
       0
       1
       0
       2
       1
       1
       0
       0
       2
       1
       0
       1
       0
       2
       0
       0
       0
       0
       2
       0
       2
       1
       2
       1
       1
       1
       1
       1
       2
       0
       0
       0
       1
       0
       2
       0
       0
       0
       0
       0
       1
       1
       0
       0
       1
       2
       1
       0
       0
       0
       2
       0
       0
       0
       0
       0
       2
       3
       1
       0
       1
       1
       0
       1
       1
       0
       0
       0
       0
       0
       0
       0
       0
       0
       0
       0
       2
       1
       2
       0
       1
       2
       0
       0
       0
       0
       0
       2
       0
       1
       0
       0
       0
       1
       0
       1
       1
       0
       1
       1
       1
       0
       2
       1
       0
       0
       0
       0
       1
       0
       2
       0
       1
       0
       0
       1
       1
       2
       0
       0
       0
       0
       1
       0
       2
       0
       0
       0
       1
       0
       0
       0
       1
       1
       0
       1
       1
       0
       0
       1
       5
       1
       1
       0
       1
       2
       1
       1
       0
       1
       2
       0
       3
       3
       2
       1
       1
       1
       2
       1
       2
       2
       0
       0
       1
       0
       1
       0
       1
       2
       1
       2
       0
       0
       2
       0
       0
       1
       1
       1
       0
       0
       0
       1
       1
       0
       0
       1
       1
       0
       1
       0
       0
       0
       0
       2
       2
       0
       3
       0
       0
       2
       3
       1
       2
       0
       1
       0
       0
       1
       2
       2
       1
       0
       2
       1
       0
       0
       1
       0
       1
       0
       1
       0
       1
       1
       1
       1
       0
       0
       0
       1
       2
       0
       3
       2
       1
       1
       2
       2
       1
       2
       0
       0
       1
       1
       0
       0
       0
       4
       2
       0
       0
       0
       0
       0
       4
       0
       0
       0
       2
       1
       0
       0
       1
       1
       0
       1
       0
       1
       0
       1
       3
       1
       0
       1
       0
       3
       1
       1
       3
       3
       1
       0
       1
       2
       2
       2
       0
       2
       0
       0
       3
       2
       1
       2
       1
       0
       1
       1
       1
       1
       1
       1
       2
       1
       0
       1
       1
       6
       0
       1
       1
       1
       1
       1
       1
       0
       1
       1
       3
       1
       1
       2
       4
       1
       1
       1
       2
       2
       1
       1
       0
       1
       1
       0
       0
       1
       1
       1
       1
       1
       0
       0
       1
       1
       0
       1
       1
       0
       3
       1
       2
       1
       0
       0
       2
       0
       1
       2
       1
       0
       1
       1
       1
       1
       0
       1
       0
       1
       1
       2
       1
       2
       0
       2
       0
       0
       1
       0
       0
       0
       0
       3
       1
       1
       1
       1
       0
       1
       4
       0
       1
       0
       2
       2
       1
       1
       1
       1
       0
       0
       0
       0
       3
       1
       0
       0
       1
       0
       1
       0
       1
       1
       0
       0
       2
       2
       0
       2
       0
       0
       0
       0
       0
       0
       0
       1
       0
       2
       1
       1
       1
       0
       0
       2
       0
       1
       0
       1
       2
       1
       4
       1
       1
       1
       0
       0
       1
       0
       0
       2
       2
       0
       1
       0
       1
       0
       1
       0
       1
       0
       0
       0
       1
       0
       1
       1
       0
       2
       0
       2
       1
       2
       1
       3
       3
       1
       3
       0
       0
       1
       1
       1
       1
       2
       1
       2
       0
       1
       0
       1
       1
       0
       1
       1
       2
       1
       1
       2
       3
       2
       1
       1
       0
       2
       1
       0
       2
       2
       2
       1
       2
       2
       0
       1
       3
       0
       3
       1
       3
       1
       3
       1
       1
       2
       4
       1
       0
       4
       3
       1
       0
       1
       1
       2
       2
       2
       1
       1
       0
       1
       1
       3
       0
       1
       2
       3
       0
       2
       0
       5
       2
       0
       1
       0
       1
       1
       1
       1
       2
       0
       0
       0
       1
       1
       2
       2
       1
       3
       1
       1
       0
       0
       1
       0
       0
       1
       3
       0
       1
       3
       0
       1
       2
       1
       1
       2
       2
       2
       2
       4
       3
       3
       1
       0
       2
       3
       0
       4
       2
       2
       2
       1
       0
       0
       1
       2
       3
       0
       2
       3
       1
       4
       0
       1
       1
       2
       3
       1
       2
       3
       2
       3
       6
       2
       3
       1
       1
       2
       3
       2
       5
       0
       1
       3
       1
       2
       1
       1
       1
       3
       2
       2
       3
       2
       0
       1
       1
       1
       2
       2
       2
       3
       2
       1
       3
       1
       3
       4
       1
       6
       2
       2
       6
       4
       4
       0
       1
       1
       5
       3
       5
       2
       1
       3
       2
       2
       2
       4
       2
       2
       2
       1
       2
       0
       1
       2
       3
       3
       1
       1
       2
       3
       5
       3
       2
       1
       1
       2
       5
       7
       3
       2
       3
       2
       2
       6
       4
       6
       3
       5
       4
       4
       5
       2
       2
       2
       4
       5
       4
       4
       2
       5
       6
       4
       4
       3
       8
       4
       3
       1
       7
       2
       4
       3
       2
       4
       6
       8
       6
       9
       5
       5
       5
       5
       3
       7
       6
       5
       7
       7
       3
       5
       5
       8
      10
       3
       8
       6
       9
       8
       6
       7
       4
       9
      11
       7
       6
       4
       6
       7
       3
      11
      11
      10
      10
       9
       9
      15
      11
      11
      10
      11
      16
      11
      14
       8
      17
      17
      21
      19
      22
      16
      15
      16
      21
      23
      20
      26
      28
      41
      30
      20
      20
      22
      31
      33
      30
      35
      26
      35
      35
      33
      48
      36
      35
      49
      50
      51
      49
      57
      45
      59
      70
      72
      52
      70
      67
      61
      53
      72
      76
      91
      80
      62
      94
      83
      86
      79
      81
      78
      92
      79
      88
      88
      83
      75
      99
      94
     103
      86
     116
     110
     104
     106
     109
     108
     119
      97
     119
     118
     127
     127
     108
     135
     134
     106
     106
     108
     114
     111
     136
     125
     120
     137
     135
     142
     132
     138
     120
     151
     140
     137
     143
     148
     144
     152
     142
     168
     171
     148
     156
     153
     154
     184
     168
     178
     168
     168
     177
     202
     170
     166
     201
     195
     206
     144
     164
     210
     204
     185
     167
     227
     211
     235
     209
     213
     212
     227
     219
     244
     222
     270
     268
     235
     269
     290
     302
     307
     282
     293
     277
     291
     316
     312
     345
     308
     331
     371
     313
     310
     332
     356
     344
     366
     299
     363
     348
     348
     362
     349
     324
     321
     318
     295
     291
     292
     275
     244
     245
     207
     213
     201
     190
     174
     180
     143
     141
     113
     123
      92
      96
      93
      76
      64
      58
      54
      36
      39
      28
      19
      14
      25
      18
       7
       8
       8
      12
       4
       7
       9
       5
       4
       3
       0
       2
       2
       0
       0
       0
       1
       2
       0
       0
       0
       0
       2
       0
       1
       2
       2
       1
       2
       2
       1
       0
       1
       1
       1
       0
       1
       0
       0
       3
       2
       0
       0
       0
       0
       1
       0
       0
       2
       0
       2
       2
       0
       1
       2
       1
       0
       1
       1
       1
       1
       0
       2
       1
       1
       0
       2
       0
       1
       0
       0
       0
       1
       2
       1
       2
       0
       1
       1
       0
       1
       0
       1
       0
       1
       0
       2
       2
       0
       0
       1
       2
       0
       0
       1
       0
       2
       0
       0
       1
       2
       1
       1
       2
       1
       1
       1
       1
       1
       1
       0
       0
       0
       1
       0
       0
       2
       1
       1
       0
       0
       0
       0
       2
       1
       1
       1
       0
       0
       0
       3
       1
       2
       0
       1
       0
       0
       0
       1
       1
       1
       2
       0
       1
       0
       4
       2
       2
       1
       3
       2
       0
       0
       0
       1
       2
       2
       2
       3
       0
       0
       1
       1
       0
       3
       1
       1
       0
       1
       1
       0
       1
       0
       1
       0
       1
       0
       1
       1
       1
       0
       1
       0
       1
       0
       1
       0
       3
       0
       2
       0
       0
       1
       1
       0
       0
       0
       0
       0
       2
       0
       0
       2
       0
       1
       0
       0
       0
       0
       0
       0
       0
       0
       0
       0
       0
       0
       0
       0
       0
       0
       0
       0
       0
       0
       0
       0
       0
       0
       0
       0
       0
       0
       0
       0
       0
       0
       0
       0
       0
       0
       0
       0
       0
       0
       0
       0
       0
       0
       0
       0
       0
       0
       0
       0
       0
       0
       0
       0
       0
       0
       0
       0
       0
       0
       0
       0
       0
       0
       0
       0
       0
       0
       0
       0
       0
       0
       0
       0
       0
       0
       0
       0
       0
       0
       0
       0
       0
       0
       0
       0
       0
       0
       0
       0
       0
       0
       0
       0
       0
       0
       0
       0
       0
       0
       0
       0
       0
       0
       0
       0
       0
       0
       0
       0
       0
       0
       0
       0
       0
       0
       0
       0
       0
       0
       0
       0
       0
       0
       0
       0
       0
       0
       0
       0
       0
       0
       0
       0
       0
       0
       0
       0
       0
       0
       0
       0
       0
       0
       0
       0
       0
       0
       0
       0
       0
       0
       0
       0
       0
       0
       0
       0
       0
       0
       0
       0
       0
       0
       0
       0
       0
       0
       0
       0
       0
       0
       0
       0
       0
       0
       0
       0
       0
       0
       0
       0
       0
       0
       0
       0
       0
       0
       0
       0
       0
       0
       0
       0
       0
       0
       0
       0
       0
       0
       0
       0
       0
       0
       0
       0
       0
       0
       0
       0
       0
       0
       0
       0
       0
       0
       0
       0
       0
       0
       0
       0
       0
       0
       0
       0
       0
       0
       0
       0
       0
       0
       0
       0
       0
       0
       0
       0
       0
       0
       0
       0
       0
       0
       0
       0
       0
       0
       0
       0
       0
       0
       0
       0
       0
       0
       0
       0
       0
       0
       0
       0
       0
       0
       0
       0
       0
       0
       0
       0
       0
       0
       0
       0
       0
       0
       0
       0
       0
       0
       0
       0
       0
       0
       0
       0
       0
       0
       0
       0
       0
       0
       0
       0
       0
       0
       0
       0
       0
       0
       0
       0
       0
       0
       0
       0
       0
       0
       0
       0
       0
       0
       1
       0
       0
       0
       0
       0
       0
       0
       0
       0
       0
       0
       0
       0
       0
       0
       0
       0
       0
       0
       0
       0
       0
       0
       0
       0
       0
       0
       0
       0
       0
       0
       0
       0
       0
       0
       0
       0
       0
       0
       0
       0
       0
       0
       0
       0
       0
       0
       0
       0
       0
       0
       0
       0
       0
       0
       0
       0
       0
       0
       0
       0
       0
       0
       0
       0
       0
       0
       0
       0
       0
       0
       0
       0
       0
       0
       0
       0
       0
       0
       0
       0
       0
$ROI:
0
$PRESETS:
Live Time
10000
0
$ENER_FIT:
0.000000 0.003445
$MCA_CAL:
3
0.000000E+000 3.444600E-003 0.000000E+000 MeV
$SHAPE_CAL:
3
2.068544E+001 0.000000E+000 0.000000E+000
