$SPEC_ID:
No sample description was entered.
$SPEC_REM:
DET# 1
DETDESC# E-C11SRPLAB223 MCB 129
AP# Maestro Version 7.01
$DATE_MEA:
02/19/2026 11:39:16
$MEAS_TIM:
360 360
$DATA:
0 2047
       0
       0
       0
       0
       0
       0
       0
       0
       0
       0
       0
       0
       0
       0
       0
       0
       0
       0
       0
       0
       0
       0
       0
       0
       0
       0
       0
       0
       0
       0
       0
       0
       0
       0
       0
       0
       0
       0
       1
      14
       6
       8
       1
       2
       1
       1
       1
       1
       0
       0
       2
       2
       2
       0
       1
       1
       0
       1
       0
       0
       0
       2
       0
       1
       0
       1
       1
       0
       2
       0
       1
       2
       0
       1
       2
       0
       0
       1
       1
       1
       1
       1
       1
       0
       2
       2
       1
       0
       1
       0
       2
       2
       1
       2
       0
       0
       1
       0
       1
       0
       3
       0
       0
       1
       1
       1
       0
       0
       0
       0
       1
       1
       0
       1
       0
       0
       0
       0
       3
       0
       1
       1
       1
       0
       2
       0
       3
       1
       1
       2
       3
       0
       1
       0
       0
       0
       0
       1
       0
       0
       0
       0
       0
       2
       1
       1
       2
       3
       1
       1
       0
       0
       0
       1
       0
       0
       2
       0
       1
       0
       0
       2
       1
       0
       2
       1
       1
       2
       0
       0
       0
       1
       0
       1
       0
       1
       3
       0
       0
       0
       1
       0
       0
       1
       1
       1
       1
       1
       2
       0
       0
       0
       0
       0
       0
       1
       0
       0
       0
       0
       0
       0
       0
       1
       0
       1
       1
       0
       1
       0
       1
       1
       0
       0
       1
       0
       2
       1
       2
       0
       0
       0
       1
       0
       0
       0
       1
       1
       0
       0
       0
       3
       2
       1
       0
       0
       0
       0
       0
       2
       0
       0
       0
       0
       0
       0
       0
       1
       0
       4
       0
       2
       1
       0
       0
       1
       2
       3
       0
       1
       0
       0
       1
       1
       0
       0
       0
       1
       2
       1
       0
       3
       0
       0
       1
       0
       0
       0
       1
       1
       1
       1
       0
       2
       0
       0
       0
       0
       0
       0
       1
       0
       0
       1
       0
       1
       0
       0
       2
       2
       0
       1
       0
       0
       0
       1
       1
       0
       1
       1
       0
       1
       1
       3
       1
       1
       0
       0
       0
       0
       0
       0
       1
       0
       2
       1
       3
       1
       0
       3
       0
       2
       0
       1
       0
       1
       1
       0
       0
       1
       1
       0
       1
       0
       0
       0
       1
       0
       0
       0
       1
       1
       0
       2
       0
       1
       0
       0
       1
       0
       0
       1
       1
       0
       0
       2
       1
       1
       0
       0
       1
       1
       0
       0
       0
       0
       0
       1
       2
       2
       0
       2
       0
       0
       2
       1
       1
       1
       0
       2
       1
       0
       0
       1
       3
       0
       0
       1
       0
       0
       0
       2
       0
       2
       1
       1
       1
       1
       1
       0
       3
       0
       0
       0
       1
       0
       0
       1
       0
       0
       1
       1
       1
       0
       0
       0
       0
       1
       1
       0
       0
       1
       1
       0
       1
       1
       0
       0
       2
       1
       0
       0
       0
       3
       1
       0
       1
       0
       0
       0
       2
       0
       1
       1
       0
       2
       2
       0
       0
       0
       2
       0
       1
       0
       0
       1
       0
       0
       0
       1
       0
       0
       0
       0
       0
       0
       2
       0
       0
       0
       0
       0
       0
       0
       0
       1
       0
       1
       1
       0
       0
       0
       2
       0
       0
       0
       0
       1
       1
       2
       1
       0
       1
       1
       0
       0
       1
       0
       1
       0
       2
       0
       2
       0
       0
       1
       0
       0
       1
       1
       0
       1
       1
       0
       0
       0
       0
       0
       1
       1
       0
       1
       0
       1
       1
       2
       2
       0
       0
       1
       0
       0
       1
       1
       1
       0
       1
       0
       0
       0
       1
       1
       2
       0
       1
       0
       0
       1
       0
       3
       0
       0
       0
       1
       0
       1
       0
       0
       2
       1
       0
       4
       1
       3
       2
       2
       0
       0
       1
       1
       0
       0
       2
       1
       0
       1
       1
       2
       1
       0
       1
       0
       1
       1
       1
       0
       2
       1
       1
       1
       0
       1
       4
       1
       1
       1
       0
       1
       0
       0
       0
       0
       2
       0
       1
       1
       1
       3
       0
       0
       2
       0
       1
       0
       0
       3
       0
       0
       1
       0
       0
       0
       1
       0
       0
       1
       0
       1
       0
       1
       0
       0
       0
       1
       0
       0
       1
       1
       0
       2
       0
       0
       0
       0
       0
       2
       1
       5
       2
       0
       0
       2
       1
       2
       0
       2
       0
       0
       0
       2
       0
       1
       0
       0
       0
       1
       1
       0
       0
       2
       0
       2
       1
       1
       0
       2
       2
       0
       1
       1
       0
       1
       1
       0
       3
       2
       1
       0
       0
       1
       1
       1
       0
       0
       1
       0
       0
       0
       1
       2
       0
       1
       0
       0
       1
       1
       0
       2
       0
       0
       1
       0
       1
       2
       2
       2
       2
       2
       1
       0
       2
       1
       3
       3
       0
       1
       2
       0
       0
       1
       1
       1
       1
       2
       0
       2
       2
       3
       0
       1
       0
       0
       0
       0
       2
       0
       0
       1
       0
       1
       0
       0
       0
       2
       1
       0
       1
       0
       0
       1
       4
       0
       3
       1
       0
       0
       0
       0
       2
       0
       2
       0
       1
       1
       2
       0
       1
       1
       1
       2
       0
       1
       1
       2
       1
       0
       0
       0
       0
       1
       2
       0
       0
       2
       1
       1
       1
       0
       2
       1
       0
       1
       2
       0
       2
       0
       0
       2
       2
       0
       1
       1
       0
       1
       0
       0
       1
       0
       2
       0
       1
       1
       0
       1
       1
       2
       2
       0
       0
       1
       0
       1
       0
       0
       1
       1
       0
       1
       0
       1
       0
       0
       0
       1
       0
       1
       2
       0
       1
       0
       0
       4
       1
       0
       0
       0
       0
       0
       2
       2
       0
       1
       0
       0
       2
       1
       0
       1
       0
       0
       0
       0
       1
       4
       2
       0
       2
       3
       0
       1
       0
       2
       2
       3
       1
       0
       1
       3
       0
       2
       1
       0
       1
       1
       0
       2
       2
       1
       0
       0
       1
       3
       1
       0
       2
       0
       0
       3
       0
       1
       1
       2
       1
       1
       1
       1
       1
       0
       1
       0
       0
       1
       2
       2
       0
       0
       2
       0
       0
       0
       0
       1
       3
       1
       0
       1
       0
       2
       1
       0
       1
       3
       0
       0
       1
       1
       1
       0
       2
       1
       3
       0
       2
       1
       0
       1
       1
       2
       2
       1
       2
       1
       1
       0
       1
       0
       1
       1
       1
       0
       1
       0
       1
       0
       1
       1
       0
       1
       1
       3
       0
       3
       1
       2
       0
       2
       1
       2
       0
       2
       1
       1
       1
       1
       1
       2
       1
       2
       0
       3
       4
       4
       1
       0
       2
       2
       0
       2
       4
       0
       0
       2
       0
       2
       1
       3
       0
       4
       3
       1
       3
       3
       1
       1
       1
       0
       5
       1
       3
       1
       4
       1
       0
       2
       1
       1
       1
       1
       0
       2
       1
       1
       2
       0
       0
       2
       2
       0
       2
       1
       3
       5
       0
       2
       0
       0
       1
       2
       2
       1
       0
       1
       2
       0
       4
       0
       2
       1
       4
       1
       1
       2
       3
       2
       3
       1
       2
       0
       2
       2
       4
       2
       1
       0
       2
       1
       4
       3
       2
       1
       2
       4
       2
       2
       4
       3
       2
       2
       3
       7
       1
       2
       1
       4
       2
       3
       2
       2
       2
       3
       2
       2
       3
       1
       0
       3
       2
       1
       3
       2
       3
       0
       4
       5
       3
       3
       1
       2
       1
       4
       4
       3
       1
       5
       1
       2
       5
       3
       6
       4
       3
       1
       2
       4
       5
       4
       3
       1
       2
       1
       6
       1
       5
       1
       5
       4
       2
       6
       2
       0
       2
       4
       4
       1
       5
       6
       4
       4
       4
       7
       4
       7
       2
       3
       4
       0
       8
       3
       8
       6
       4
       5
       6
       7
       4
       3
       5
       5
       6
       4
       6
       6
       9
       4
       1
       8
       5
       3
      10
       6
       8
       9
      10
       8
       4
       4
       3
       8
       8
      10
       6
       6
       7
       6
       5
       9
       8
      10
       8
       8
       5
       3
       5
       5
       5
      12
      10
      17
      12
      12
      11
      10
      10
       9
       6
      13
      11
      12
       9
      17
      14
      17
      14
      20
      25
      19
      18
      19
      23
      17
      25
      17
      20
      25
      32
      35
      32
      33
      33
      28
      35
      28
      41
      36
      44
      39
      45
      48
      51
      39
      44
      47
      53
      44
      50
      51
      72
      65
      68
      63
      52
      64
      79
      71
      83
      57
      67
      62
      63
      75
      79
      84
      79
      92
      89
      83
     107
      98
     105
      88
      86
      94
     109
     101
     101
     111
     109
     108
     107
     112
     122
     117
     106
     116
     109
     109
     111
     108
     126
     132
     116
     118
     108
     115
     152
     121
     146
     127
     134
     127
     128
     135
     131
     140
     136
     149
     154
     146
     150
     146
     140
     143
     145
     152
     179
     155
     154
     144
     150
     162
     164
     139
     162
     163
     193
     173
     186
     188
     221
     196
     205
     197
     202
     210
     231
     198
     231
     236
     211
     236
     231
     231
     231
     255
     261
     271
     254
     267
     262
     265
     261
     281
     271
     294
     324
     305
     325
     305
     312
     327
     355
     344
     313
     336
     337
     367
     318
     312
     341
     359
     335
     346
     336
     314
     335
     324
     305
     313
     292
     258
     278
     254
     250
     253
     219
     214
     199
     197
     149
     138
     166
     112
     129
      87
     100
      78
      69
      82
      41
      34
      55
      29
      36
      22
      21
      32
      13
      14
      13
       8
      15
      10
       8
      10
       3
       4
       2
       6
       2
       7
       1
       1
       1
       1
       0
       0
       2
       0
       0
       0
       1
       0
       2
       1
       0
       0
       1
       1
       1
       0
       0
       0
       1
       2
       1
       0
       0
       0
       1
       1
       1
       1
       1
       0
       1
       0
       1
       1
       0
       0
       0
       1
       1
       0
       0
       4
       0
       0
       0
       0
       2
       1
       3
       1
       1
       1
       0
       0
       2
       0
       1
       1
       1
       1
       0
       0
       0
       0
       2
       0
       0
       2
       1
       1
       0
       1
       1
       1
       1
       0
       0
       1
       2
       1
       2
       0
       2
       0
       1
       1
       3
       1
       1
       1
       0
       1
       0
       1
       1
       3
       0
       1
       0
       3
       2
       2
       0
       1
       1
       0
       0
       1
       1
       1
       2
       0
       1
       1
       1
       1
       0
       2
       0
       0
       1
       0
       1
       0
       1
       0
       1
       1
       0
       1
       1
       1
       0
       0
       0
       0
       2
       0
       1
       0
       1
       0
       1
       0
       3
       2
       0
       2
       0
       1
       0
       1
       0
       0
       0
       0
       1
       0
       2
       0
       0
       0
       0
       1
       1
       1
       0
       2
       0
       0
       0
       1
       0
       0
       1
       2
       0
       0
       1
       1
       0
       0
       0
       1
       0
       1
       0
       0
       1
       0
       0
       0
       0
       0
       0
       0
       0
       0
       0
       0
       0
       0
       0
       0
       0
       0
       0
       0
       0
       0
       0
       0
       0
       0
       0
       0
       0
       0
       0
       0
       0
       0
       0
       0
       0
       0
       0
       0
       0
       0
       0
       0
       0
       0
       0
       0
       0
       0
       0
       0
       0
       0
       0
       0
       0
       0
       0
       0
       0
       0
       0
       0
       0
       0
       0
       0
       0
       0
       0
       0
       0
       0
       0
       0
       0
       0
       0
       0
       0
       0
       0
       0
       0
       0
       0
       0
       0
       0
       0
       0
       0
       0
       0
       0
       0
       0
       0
       0
       0
       0
       0
       0
       0
       0
       0
       0
       0
       0
       0
       0
       0
       0
       0
       0
       0
       0
       0
       0
       0
       0
       0
       0
       0
       0
       0
       0
       0
       0
       0
       0
       0
       0
       0
       0
       0
       0
       0
       0
       0
       0
       0
       0
       0
       0
       0
       0
       0
       0
       0
       0
       0
       0
       0
       0
       0
       0
       0
       0
       0
       0
       0
       0
       0
       0
       0
       0
       0
       0
       0
       0
       0
       0
       0
       0
       0
       0
       0
       0
       0
       0
       0
       0
       0
       0
       0
       0
       0
       0
       0
       0
       0
       0
       0
       0
       0
       0
       0
       0
       0
       0
       0
       0
       0
       0
       0
       0
       0
       0
       0
       0
       0
       0
       0
       0
       0
       0
       0
       0
       0
       0
       0
       0
       0
       0
       0
       0
       0
       0
       0
       0
       0
       0
       0
       0
       0
       0
       0
       0
       0
       0
       0
       0
       0
       0
       0
       0
       0
       0
       0
       0
       0
       0
       0
       0
       0
       0
       0
       0
       0
       0
       0
       0
       0
       0
       0
       0
       0
       0
       0
       0
       0
       0
       0
       0
       0
       0
       0
       0
       0
       0
       0
       0
       0
       0
       0
       0
       0
       0
       0
       0
       0
       0
       0
       0
       0
       0
       0
       0
       0
       0
       0
       0
       0
       0
       0
       0
       0
       0
       0
       0
       0
       0
       0
       0
       0
       0
       0
       0
       0
       0
       0
       0
       0
       0
       0
       0
       0
       0
       0
       0
       0
       0
       0
       0
       0
       0
       0
       0
       0
       0
       0
       0
       0
       0
       0
       0
       0
       0
       0
       0
       0
       0
       0
       0
       0
       0
       0
       0
       0
       0
       0
       0
       0
       0
       0
       0
       0
       0
       0
       0
       0
       0
       0
       0
       0
       0
       0
       0
       0
       0
       0
       0
       0
       0
       0
       0
       0
       0
       0
       0
       0
       0
       0
       0
$ROI:
0
$PRESETS:
Live Time
10000
0
$ENER_FIT:
0.000000 0.003445
$MCA_CAL:
3
0.000000E+000 3.444600E-003 0.000000E+000 MeV
$SHAPE_CAL:
3
2.068544E+001 0.000000E+000 0.000000E+000
