$SPEC_ID:
No sample description was entered.
$SPEC_REM:
DET# 1
DETDESC# E-C11SRPLAB223 MCB 129
AP# Maestro Version 7.01
$DATE_MEA:
02/19/2026 11:45:48
$MEAS_TIM:
360 360
$DATA:
0 2047
       0
       0
       0
       0
       0
       0
       0
       0
       0
       0
       0
       0
       0
       0
       0
       0
       0
       0
       0
       0
       0
       0
       0
       0
       0
       0
       0
       0
       0
       0
       0
       0
       0
       0
       0
       0
       0
       0
       4
      30
      30
      12
       3
       1
       5
       1
       1
       5
       1
       1
       2
       0
       1
       0
       1
       1
       1
       0
       3
       1
       0
       1
       2
       2
       1
       1
       1
       0
       1
       0
       0
       2
       0
       0
       1
       0
       0
       1
       1
       0
       1
       1
       0
       0
       2
       1
       0
       0
       2
       0
       1
       2
       1
       1
       1
       0
       0
       1
       0
       0
       1
       0
       1
       0
       0
       0
       1
       1
       0
       0
       0
       0
       0
       1
       0
       1
       0
       0
       1
       0
       0
       0
       0
       0
       0
       0
       1
       0
       1
       0
       1
       1
       1
       0
       1
       0
       0
       0
       0
       1
       0
       0
       1
       1
       1
       1
       0
       0
       0
       1
       1
       1
       1
       1
       0
       0
       0
       0
       1
       0
       0
       4
       1
       1
       1
       0
       0
       0
       0
       2
       0
       0
       2
       2
       0
       1
       0
       0
       0
       0
       0
       0
       1
       2
       1
       1
       1
       0
       2
       2
       0
       0
       3
       2
       0
       0
       2
       0
       0
       0
       0
       0
       3
       0
       0
       0
       0
       1
       1
       1
       2
       0
       1
       1
       1
       0
       1
       0
       0
       1
       0
       0
       1
       1
       0
       0
       1
       1
       2
       2
       2
       1
       2
       0
       0
       0
       1
       0
       0
       0
       0
       1
       0
       1
       0
       2
       0
       0
       1
       0
       0
       0
       0
       0
       1
       0
       1
       1
       0
       0
       1
       1
       2
       0
       1
       0
       1
       0
       2
       0
       2
       0
       1
       0
       0
       1
       1
       0
       1
       0
       1
       0
       0
       0
       2
       0
       2
       1
       1
       0
       0
       2
       1
       1
       1
       0
       0
       1
       1
       1
       0
       2
       0
       1
       0
       1
       2
       0
       0
       0
       0
       0
       0
       0
       0
       0
       1
       0
       0
       1
       3
       0
       0
       1
       0
       0
       1
       0
       0
       0
       1
       1
       0
       0
       0
       0
       0
       2
       0
       1
       0
       1
       1
       0
       0
       0
       0
       0
       0
       0
       0
       0
       0
       0
       0
       0
       1
       0
       0
       0
       0
       1
       1
       0
       0
       0
       1
       0
       0
       2
       0
       0
       0
       0
       0
       1
       0
       1
       0
       1
       1
       0
       0
       0
       0
       0
       0
       0
       1
       0
       0
       0
       0
       0
       1
       1
       0
       0
       1
       1
       0
       2
       0
       0
       0
       0
       0
       0
       0
       1
       1
       0
       1
       0
       0
       0
       0
       1
       0
       0
       0
       1
       2
       1
       0
       1
       0
       0
       0
       3
       0
       0
       0
       0
       1
       3
       3
       0
       2
       0
       0
       0
       0
       0
       1
       1
       0
       0
       0
       2
       1
       0
       1
       0
       0
       0
       1
       0
       1
       1
       0
       0
       0
       0
       0
       0
       0
       2
       0
       1
       0
       1
       1
       2
       0
       1
       0
       0
       1
       2
       0
       1
       1
       0
       1
       0
       0
       1
       0
       0
       2
       5
       0
       4
       0
       0
       0
       1
       1
       1
       0
       0
       0
       0
       0
       0
       0
       0
       0
       2
       1
       0
       0
       0
       0
       4
       0
       1
       2
       0
       1
       0
       0
       1
       0
       2
       1
       1
       1
       2
       2
       0
       0
       0
       1
       0
       0
       1
       2
       1
       1
       1
       0
       1
       0
       0
       1
       1
       1
       1
       2
       0
       1
       1
       1
       2
       1
       4
       1
       0
       1
       0
       0
       0
       0
       1
       0
       1
       1
       0
       1
       0
       0
       0
       0
       0
       1
       1
       0
       1
       0
       1
       1
       0
       0
       0
       0
       2
       0
       1
       1
       1
       0
       0
       0
       0
       1
       0
       0
       1
       0
       1
       2
       0
       0
       1
       0
       1
       0
       0
       1
       0
       0
       3
       2
       1
       1
       0
       1
       1
       1
       0
       2
       2
       1
       1
       0
       4
       1
       0
       1
       1
       1
       0
       0
       1
       1
       0
       0
       1
       1
       1
       3
       1
       1
       2
       1
       0
       0
       2
       1
       1
       0
       0
       3
       1
       0
       1
       0
       0
       1
       0
       1
       0
       0
       1
       2
       0
       1
       1
       0
       0
       0
       0
       2
       0
       4
       1
       1
       1
       3
       0
       2
       0
       0
       1
       1
       0
       0
       1
       2
       0
       0
       1
       1
       0
       0
       0
       0
       1
       1
       2
       0
       2
       0
       1
       0
       0
       1
       1
       1
       1
       1
       1
       2
       0
       0
       1
       0
       0
       1
       1
       2
       2
       1
       0
       4
       1
       1
       1
       0
       1
       0
       2
       0
       6
       1
       0
       1
       0
       0
       0
       0
       0
       1
       1
       0
       1
       0
       0
       0
       1
       0
       0
       2
       0
       1
       0
       1
       1
       0
       5
       1
       0
       0
       0
       1
       0
       0
       1
       0
       0
       3
       0
       0
       0
       1
       1
       1
       1
       0
       0
       0
       1
       1
       1
       0
       0
       1
       1
       0
       1
       1
       1
       2
       1
       1
       0
       1
       1
       1
       0
       0
       0
       0
       0
       0
       3
       1
       1
       0
       0
       3
       0
       1
       1
       1
       4
       2
       1
       0
       2
       0
       2
       2
       1
       1
       1
       0
       1
       0
       0
       2
       0
       1
       0
       3
       0
       1
       2
       2
       0
       1
       1
       3
       1
       1
       0
       1
       1
       0
       1
       3
       4
       0
       1
       0
       1
       1
       2
       3
       2
       0
       2
       3
       1
       0
       0
       1
       0
       1
       1
       0
       2
       2
       3
       1
       1
       1
       2
       2
       2
       0
       1
       0
       1
       2
       2
       1
       3
       0
       1
       1
       1
       2
       1
       1
       3
       2
       2
       1
       1
       1
       0
       1
       1
       1
       2
       0
       0
       2
       2
       3
       4
       2
       3
       4
       4
       1
       0
       2
       5
       1
       0
       1
       2
       1
       2
       2
       0
       1
       4
       2
       0
       3
       3
       3
       2
       1
       3
       2
       1
       2
       0
       1
       2
       3
       3
       3
       1
       3
       3
       2
       2
       3
       4
       1
       3
       1
       1
       0
       4
       1
       1
       1
       0
       2
       0
       2
       1
       1
       1
       3
       5
       2
       3
       3
       1
       3
       0
       1
       0
       0
       2
       2
       1
       2
       1
       1
       1
       1
       3
       2
       3
       5
       4
       3
       6
       0
       3
       4
       2
       4
       0
       2
       4
       1
       4
       4
       2
       5
       3
       0
       1
       2
       4
       2
       2
       2
       4
       7
       7
       4
       4
       2
       1
       4
       9
       3
       5
       5
       2
       1
       5
       4
       2
       6
       3
       4
       2
       6
       4
       4
       6
       4
       2
       4
       6
       9
       3
       1
       4
       8
       2
       6
      10
       5
       6
       4
       3
       4
       5
       5
      12
       2
       5
      11
       6
       8
       8
       6
       7
       6
      10
       7
       5
       4
       4
       7
      11
       8
       8
       9
      15
      15
      13
      12
      18
      12
      12
      10
       9
      15
      21
      22
      21
      20
      15
      14
      19
      20
      18
      18
      24
      24
      20
      16
      28
      15
      21
      23
      28
      15
      30
      35
      30
      28
      23
      30
      37
      34
      34
      36
      31
      43
      33
      43
      46
      38
      39
      31
      41
      50
      52
      51
      47
      52
      53
      62
      63
      53
      66
      71
      74
      70
      83
      76
      77
      82
      54
      77
      73
      72
      77
      84
      76
      93
      87
      84
      89
      83
      89
      89
      79
      86
      86
      99
      88
      80
      85
      91
      90
      89
      74
      93
      82
      83
     108
      95
      91
     130
      89
      96
     110
      95
     104
     104
      88
     106
     108
     118
     111
      90
     111
      80
     101
     106
      98
     109
     103
     110
     119
     120
     119
     118
     107
     123
     132
     148
     130
     113
     125
     110
     124
     114
     111
     151
     118
     115
     123
     150
     123
     117
     135
     134
     141
     128
     148
     155
     140
     166
     140
     130
     139
     158
     137
     162
     136
     125
     158
     164
     148
     187
     180
     161
     181
     180
     203
     171
     182
     170
     178
     178
     189
     177
     184
     181
     194
     224
     190
     181
     199
     217
     225
     203
     225
     222
     193
     200
     247
     203
     267
     242
     240
     265
     230
     244
     247
     256
     291
     258
     225
     243
     259
     233
     280
     266
     248
     239
     252
     232
     225
     211
     220
     227
     215
     236
     210
     215
     195
     181
     181
     187
     171
     160
     146
     149
     133
     114
     115
     110
      92
     105
      87
      74
      74
      65
      46
      54
      56
      42
      46
      31
      32
      27
      36
      33
      26
      19
      22
      21
      12
      13
      14
      13
       4
       9
       6
       9
       6
       6
       1
       5
       2
       4
       3
       1
       3
       5
       0
       0
       2
       2
       1
       0
       0
       4
       3
       0
       0
       1
       0
       1
       1
       0
       1
       0
       0
       2
       0
       1
       4
       0
       0
       3
       0
       1
       2
       2
       2
       2
       2
       0
       5
       3
       2
       2
       1
       8
       1
       3
       3
       6
       0
       1
       2
       7
       0
       4
       2
       1
       7
       2
       1
       3
       2
       4
       2
       4
       4
       4
       3
       6
       4
       2
       2
       2
       4
       3
       3
       3
       2
       1
       0
       0
       3
       2
       2
       0
       1
       2
       1
       0
       3
       1
       0
       1
       0
       1
       1
       1
       1
       1
       1
       0
       1
       1
       2
       2
       0
       2
       2
       1
       0
       0
       0
       0
       1
       0
       2
       0
       0
       0
       1
       0
       0
       0
       2
       0
       0
       0
       0
       0
       1
       2
       0
       1
       0
       0
       0
       0
       0
       0
       0
       0
       0
       1
       0
       1
       0
       0
       1
       0
       2
       0
       2
       1
       0
       0
       0
       1
       0
       2
       0
       1
       0
       1
       1
       0
       1
       0
       0
       2
       1
       1
       1
       0
       1
       1
       1
       1
       2
       0
       0
       0
       0
       5
       2
       2
       2
       3
       1
       0
       0
       0
       1
       0
       0
       1
       1
       1
       0
       3
       1
       0
       0
       0
       1
       0
       1
       1
       0
       0
       0
       0
       0
       1
       1
       1
       0
       0
       0
       0
       0
       1
       0
       0
       0
       1
       1
       1
       2
       1
       0
       0
       1
       2
       0
       1
       0
       2
       2
       1
       2
       0
       1
       2
       0
       0
       0
       0
       2
       2
       0
       1
       0
       0
       0
       0
       2
       0
       1
       0
       0
       0
       0
       1
       0
       0
       0
       1
       3
       0
       1
       0
       0
       1
       2
       0
       2
       0
       0
       0
       0
       1
       0
       0
       1
       0
       1
       1
       1
       0
       0
       0
       0
       0
       0
       0
       0
       0
       0
       0
       0
       0
       0
       0
       0
       0
       0
       0
       0
       0
       0
       1
       0
       0
       0
       0
       0
       0
       0
       0
       0
       0
       1
       0
       0
       0
       0
       0
       0
       0
       0
       0
       0
       0
       0
       0
       0
       0
       0
       0
       0
       0
       0
       0
       0
       0
       0
       0
       0
       0
       0
       0
       0
       0
       0
       0
       0
       0
       0
       0
       0
       0
       0
       0
       0
       0
       0
       0
       0
       0
       0
       0
       0
       0
       0
       0
       0
       0
       0
       0
       0
       0
       0
       0
       0
       0
       0
       0
       0
       0
       0
       0
       0
       0
       0
       0
       0
       0
       0
       0
       0
       0
       0
       0
       0
       0
       0
       0
       0
       0
       0
       0
       0
       0
       0
       0
       0
       0
       0
       0
       0
       0
       0
       0
       0
       0
       0
       0
       0
       0
       0
       0
       0
       0
       0
       0
       0
       0
       0
       0
       0
       0
       0
       0
       0
       0
       0
       0
       0
       0
       0
       0
       0
       0
       0
       0
       0
       0
       0
       0
       0
       0
       0
       0
       0
       0
       0
       0
       0
       0
       0
       0
       0
       0
       0
       0
       0
       0
       0
       0
       0
       0
       0
       0
       0
       0
       0
       0
       0
       0
       0
       0
       0
       0
       0
       0
       0
       0
       0
       0
       0
       0
       0
       0
       0
       0
       0
       0
       0
       0
       0
       0
       0
       0
       0
       0
       0
       0
       0
       0
       0
       0
       0
       0
       0
       0
       0
       0
       0
       0
       0
       0
       0
       0
       0
       0
       0
       0
       0
       0
       0
       0
       0
       0
       0
       0
       0
       0
       0
       0
       0
       0
       0
       0
       0
       0
       0
       0
       0
       0
       0
       0
       0
       0
       0
       0
       0
       0
       0
       0
       0
       0
       0
       0
       0
       0
       0
       0
       0
       0
       0
       0
       0
       0
       0
       0
       0
       0
       0
       0
       0
       0
       0
       0
       0
       0
       0
       0
       0
       0
       0
       0
       0
       0
       0
       0
       0
       0
       0
       0
       0
       0
       0
       0
       0
       0
       0
       0
       0
       0
       0
       0
       0
       0
       0
       0
       0
       0
       0
       0
       0
       0
       0
       0
       0
       0
       0
       0
       0
       0
       0
       0
       0
       0
       0
       0
       0
       0
       0
       0
       0
       0
       0
       0
       0
       0
       0
       0
       0
       0
       0
       0
       0
       0
       0
       0
       0
       0
       0
       0
       0
       0
       0
       0
       0
       0
       0
       0
       0
       0
       0
       0
       0
       0
       0
       0
       0
       0
       0
       0
       0
       0
       0
       0
       0
       0
       0
       0
       0
       0
       0
       0
       0
       0
       0
$ROI:
0
$PRESETS:
Live Time
10000
0
$ENER_FIT:
0.000000 0.003445
$MCA_CAL:
3
0.000000E+000 3.444600E-003 0.000000E+000 MeV
$SHAPE_CAL:
3
2.068544E+001 0.000000E+000 0.000000E+000
