$SPEC_ID:
No sample description was entered.
$SPEC_REM:
DET# 1
DETDESC# E-C11SRPLAB223 MCB 129
AP# Maestro Version 7.01
$DATE_MEA:
02/19/2026 11:52:00
$MEAS_TIM:
376 376
$DATA:
0 2047
       0
       0
       0
       0
       0
       0
       0
       0
       0
       0
       0
       0
       0
       0
       0
       0
       0
       0
       0
       0
       0
       0
       0
       0
       0
       0
       0
       0
       0
       0
       0
       0
       0
       0
       0
       0
       0
       0
       3
      28
      20
       5
       7
       5
       3
       4
       1
       1
       1
       0
       0
       1
       1
       2
       0
       1
       0
       1
       0
       0
       1
       1
       0
       1
       0
       3
       1
       0
       0
       0
       1
       3
       1
       0
       0
       0
       1
       2
       0
       0
       2
       1
       0
       1
       0
       2
       0
       1
       1
       1
       0
       0
       0
       2
       3
       0
       1
       0
       1
       1
       1
       1
       2
       1
       1
       0
       0
       0
       1
       0
       0
       1
       0
       0
       0
       0
       0
       0
       0
       0
       0
       2
       0
       1
       0
       2
       0
       0
       0
       4
       0
       0
       1
       0
       0
       0
       0
       1
       0
       1
       0
       0
       2
       0
       0
       0
       0
       0
       1
       0
       0
       0
       0
       1
       0
       0
       0
       1
       0
       0
       0
       0
       0
       0
       1
       0
       0
       0
       1
       1
       1
       1
       1
       2
       0
       2
       0
       1
       0
       1
       0
       1
       1
       1
       0
       1
       1
       0
       1
       1
       0
       0
       1
       1
       0
       0
       1
       0
       0
       0
       0
       0
       0
       0
       0
       0
       0
       1
       1
       0
       1
       0
       0
       0
       0
       0
       0
       2
       0
       1
       0
       1
       0
       1
       1
       1
       0
       0
       0
       3
       0
       3
       0
       0
       1
       3
       0
       0
       0
       0
       1
       2
       0
       3
       1
       0
       0
       1
       2
       0
       1
       1
       0
       1
       0
       1
       1
       0
       0
       0
       0
       0
       0
       0
       1
       0
       1
       1
       0
       0
       1
       0
       0
       0
       0
       1
       1
       0
       0
       0
       0
       0
       0
       0
       0
       0
       1
       1
       1
       0
       0
       0
       0
       2
       0
       1
       1
       0
       2
       0
       0
       1
       0
       2
       2
       2
       1
       1
       0
       0
       1
       0
       1
       0
       1
       0
       0
       0
       1
       1
       0
       0
       0
       1
       2
       0
       0
       0
       0
       1
       1
       1
       0
       1
       0
       1
       0
       0
       1
       0
       1
       0
       1
       0
       0
       0
       1
       2
       2
       0
       0
       0
       3
       0
       0
       3
       2
       0
       0
       0
       1
       0
       2
       1
       2
       0
       1
       0
       0
       0
       0
       0
       1
       0
       0
       1
       0
       0
       0
       1
       0
       0
       0
       0
       3
       1
       1
       0
       0
       1
       0
       1
       2
       0
       0
       1
       0
       2
       0
       0
       1
       0
       0
       0
       1
       2
       0
       0
       0
       0
       0
       1
       0
       1
       0
       0
       0
       1
       1
       2
       1
       0
       1
       1
       0
       0
       3
       0
       0
       1
       0
       1
       0
       0
       0
       0
       1
       0
       1
       1
       1
       0
       2
       0
       0
       1
       0
       2
       0
       0
       0
       0
       0
       1
       1
       0
       0
       0
       2
       1
       0
       1
       0
       0
       2
       1
       0
       1
       0
       1
       0
       1
       1
       1
       0
       0
       0
       0
       1
       2
       0
       0
       0
       0
       0
       0
       1
       0
       0
       0
       3
       0
       0
       1
       0
       1
       1
       0
       0
       1
       1
       1
       1
       0
       1
       0
       0
       0
       1
       0
       1
       2
       1
       0
       1
       1
       0
       0
       0
       2
       0
       0
       1
       2
       1
       0
       2
       2
       0
       2
       0
       0
       0
       1
       0
       0
       0
       1
       1
       0
       0
       0
       0
       1
       1
       2
       0
       1
       1
       0
       0
       1
       0
       0
       2
       2
       0
       2
       0
       0
       0
       1
       1
       0
       1
       1
       1
       0
       0
       2
       0
       3
       0
       0
       1
       0
       1
       0
       0
       0
       1
       1
       0
       2
       0
       0
       0
       1
       1
       0
       0
       1
       1
       0
       1
       0
       0
       0
       1
       0
       0
       1
       0
       0
       3
       0
       3
       1
       0
       1
       3
       0
       1
       3
       2
       1
       0
       0
       3
       1
       1
       0
       1
       2
       0
       0
       0
       1
       1
       1
       0
       0
       0
       0
       1
       0
       1
       0
       1
       1
       0
       0
       1
       1
       0
       1
       1
       0
       0
       0
       0
       0
       0
       0
       4
       0
       2
       2
       1
       5
       1
       2
       1
       0
       2
       4
       2
       2
       0
       2
       1
       0
       1
       1
       0
       1
       2
       0
       1
       0
       0
       3
       1
       1
       1
       0
       2
       0
       1
       1
       0
       1
       0
       1
       0
       1
       1
       2
       1
       4
       4
       0
       0
       1
       1
       0
       0
       1
       1
       2
       0
       3
       2
       0
       1
       1
       2
       1
       0
       0
       0
       1
       1
       0
       1
       0
       1
       2
       2
       0
       1
       0
       1
       1
       4
       0
       2
       1
       1
       0
       0
       1
       0
       1
       0
       1
       0
       1
       0
       1
       0
       2
       0
       0
       0
       1
       2
       2
       1
       1
       1
       0
       1
       3
       2
       0
       0
       0
       0
       1
       0
       1
       1
       0
       1
       0
       0
       0
       1
       2
       1
       3
       0
       2
       1
       0
       2
       2
       0
       0
       1
       1
       0
       2
       0
       3
       0
       0
       1
       2
       0
       2
       0
       0
       1
       3
       0
       1
       2
       0
       2
       0
       0
       0
       2
       1
       2
       3
       1
       1
       1
       2
       2
       1
       1
       0
       0
       2
       1
       0
       0
       0
       2
       0
       1
       2
       0
       1
       1
       0
       3
       3
       1
       2
       2
       1
       0
       2
       2
       0
       1
       1
       0
       0
       0
       4
       0
       0
       3
       1
       2
       0
       0
       1
       1
       1
       0
       1
       2
       2
       1
       0
       1
       1
       0
       1
       6
       0
       4
       1
       5
       1
       1
       2
       0
       1
       2
       1
       0
       0
       2
       3
       1
       0
       3
       1
       1
       4
       1
       1
       1
       0
       4
       1
       2
       3
       0
       1
       0
       3
       4
       2
       3
       3
       2
       0
       3
       0
       2
       2
       1
       4
       2
       4
       2
       3
       5
       1
       3
       1
       1
       3
       1
       4
       2
       2
       3
       2
       1
       2
       7
       1
       1
       2
       1
       2
       0
       2
       0
       4
       0
       2
       1
       0
       1
       2
       1
       2
       2
       1
       4
       5
       1
       2
       2
       1
       0
       2
       2
       1
       3
       5
       4
       2
       5
       5
       2
       3
       1
       2
       2
       2
       2
       0
       0
       4
       9
       2
       0
       2
       1
       2
       5
       3
       1
       1
       0
       4
       4
       3
       7
       3
       3
       1
       4
       2
       2
       0
       2
       3
       4
       6
       5
       4
       1
       4
       3
       7
       2
       7
       7
       2
       7
       1
       3
       2
       6
       4
       4
       4
       4
       3
       6
       4
       4
       4
       2
       4
       5
       2
       3
       8
       6
       5
       5
       5
       3
       6
       4
       9
       3
       7
       5
       9
       7
       4
       5
       6
       6
       4
      11
       6
       6
       6
       7
       4
       5
       4
      13
       7
      11
      11
       6
      14
       6
       7
       9
      11
      11
       8
       6
       8
      12
      14
      10
      14
       7
       9
      13
       8
      13
      11
      14
      12
      18
      14
      14
      18
      17
      14
      24
      26
      24
      16
      17
      30
      21
      33
      31
      29
      21
      31
      34
      28
      36
      31
      38
      38
      41
      37
      46
      43
      40
      43
      30
      42
      44
      37
      44
      41
      47
      51
      54
      49
      54
      60
      61
      53
      59
      57
      72
      74
      65
      74
      85
      67
      88
      69
      88
      67
      75
      76
      89
      91
      87
      83
      88
      81
      69
      84
     102
      83
      95
      91
      97
      82
      91
     110
      94
      88
      98
     101
      91
     114
     100
      85
      89
     101
     111
      97
     122
      89
     123
     114
     105
     107
     110
     113
     109
     109
      99
      99
     107
     117
     109
     110
     107
     126
     135
     116
      98
     125
     131
     105
     113
     111
      93
     125
     122
     121
     136
     141
     116
     114
     114
     130
     164
     133
     135
     128
     159
     140
     143
     154
     154
     153
     138
     138
     134
     142
     133
     127
     135
     117
     153
     182
     175
     156
     193
     165
     172
     166
     169
     190
     162
     167
     160
     188
     211
     171
     201
     185
     185
     184
     209
     205
     190
     222
     212
     211
     208
     197
     210
     213
     233
     247
     212
     226
     265
     260
     246
     261
     255
     263
     265
     272
     279
     250
     263
     284
     258
     278
     258
     284
     260
     294
     272
     294
     248
     273
     268
     240
     234
     249
     251
     223
     195
     216
     182
     215
     206
     178
     169
     141
     166
     158
     144
     134
     116
     129
     129
     110
     103
      95
      84
      70
      66
      63
      62
      52
      55
      43
      40
      30
      35
      12
      27
      19
      23
      22
      17
      13
       7
      10
      10
       5
       6
       6
       3
       2
       4
       1
       3
       1
       4
       5
       1
       3
       3
       0
       0
       2
       0
       0
       1
       0
       1
       2
       3
       0
       1
       1
       2
       2
       1
       1
       2
       1
       0
       3
       2
       0
       1
       1
       1
       3
       1
       1
       2
       1
       0
       2
       2
       2
       1
       0
       0
       1
       1
       1
       3
       4
       3
       1
       5
       4
       4
       4
       0
       2
      10
       3
       5
       4
       2
       3
       2
       3
       1
       5
       2
       1
       5
       3
       1
       2
       3
       2
       4
       2
       3
       4
       1
       1
       2
       3
       0
       2
       1
       1
       0
       1
       2
       2
       2
       0
       1
       1
       1
       3
       0
       0
       0
       0
       0
       1
       1
       0
       0
       1
       0
       0
       0
       0
       1
       0
       0
       0
       1
       1
       0
       1
       1
       0
       0
       1
       0
       0
       2
       0
       0
       0
       0
       0
       1
       0
       1
       0
       1
       0
       0
       1
       0
       1
       1
       1
       0
       1
       0
       0
       0
       1
       0
       3
       1
       0
       1
       1
       0
       1
       1
       0
       0
       1
       2
       0
       0
       0
       0
       0
       0
       2
       0
       0
       0
       0
       0
       0
       0
       0
       1
       1
       2
       0
       0
       0
       0
       2
       1
       0
       1
       0
       0
       0
       0
       0
       0
       2
       0
       1
       0
       1
       1
       0
       0
       0
       0
       0
       1
       3
       2
       1
       1
       0
       0
       0
       1
       1
       0
       0
       0
       0
       1
       0
       0
       0
       1
       1
       2
       0
       2
       1
       0
       2
       3
       3
       0
       2
       1
       0
       1
       0
       0
       2
       0
       2
       0
       3
       0
       1
       1
       0
       1
       0
       2
       0
       1
       1
       0
       0
       0
       0
       2
       1
       1
       0
       1
       1
       1
       1
       1
       3
       3
       0
       0
       0
       1
       3
       0
       0
       0
       0
       0
       1
       1
       1
       0
       0
       0
       0
       0
       0
       1
       0
       0
       0
       0
       0
       0
       0
       0
       0
       0
       0
       0
       0
       0
       0
       0
       2
       0
       0
       0
       0
       0
       0
       0
       1
       0
       0
       0
       0
       0
       0
       0
       0
       0
       0
       0
       0
       0
       0
       0
       0
       0
       0
       0
       0
       0
       0
       0
       0
       0
       0
       0
       0
       0
       0
       0
       0
       0
       0
       0
       0
       0
       0
       0
       0
       0
       0
       0
       0
       0
       0
       0
       0
       0
       0
       0
       0
       0
       0
       0
       0
       0
       0
       0
       0
       0
       0
       0
       0
       0
       0
       0
       0
       0
       0
       0
       0
       0
       0
       0
       0
       0
       0
       0
       0
       0
       0
       0
       0
       0
       0
       0
       0
       0
       0
       0
       0
       0
       0
       0
       0
       0
       0
       0
       0
       0
       0
       0
       0
       0
       0
       0
       0
       0
       0
       0
       0
       0
       0
       0
       0
       0
       0
       0
       0
       0
       0
       0
       0
       0
       0
       0
       0
       0
       0
       0
       0
       0
       0
       0
       0
       0
       0
       0
       0
       0
       0
       0
       0
       0
       0
       0
       0
       0
       0
       0
       0
       0
       0
       0
       0
       0
       0
       0
       0
       0
       0
       0
       0
       0
       0
       0
       0
       0
       0
       0
       0
       0
       0
       0
       0
       0
       0
       0
       0
       0
       0
       0
       0
       0
       0
       0
       0
       0
       0
       0
       0
       0
       0
       0
       0
       0
       0
       0
       0
       0
       0
       0
       0
       0
       0
       0
       0
       0
       0
       0
       0
       0
       0
       0
       0
       0
       0
       0
       0
       0
       0
       0
       0
       0
       0
       0
       0
       0
       0
       0
       0
       0
       0
       0
       0
       0
       0
       0
       0
       0
       0
       0
       0
       0
       0
       0
       0
       0
       0
       0
       0
       0
       0
       0
       0
       0
       0
       0
       0
       0
       0
       0
       0
       0
       0
       0
       0
       0
       0
       0
       0
       0
       0
       0
       0
       0
       0
       0
       0
       0
       0
       0
       0
       0
       0
       0
       0
       0
       0
       0
       0
       0
       0
       0
       0
       0
       0
       0
       0
       0
       0
       0
       0
       0
       0
       0
       0
       0
       0
       0
       0
       0
       0
       0
       0
       0
       0
       0
       0
       0
       0
       0
       0
       0
       0
       0
       0
       0
       0
       0
       0
       0
       0
       0
       0
       0
       0
       0
       0
       0
       0
       0
       0
       0
       0
       0
       0
       0
       0
       0
       0
       0
       0
       0
       0
       0
       0
       0
       0
       0
       0
       0
       0
       0
       0
       0
       0
       0
       0
       0
       0
       0
       0
       0
       0
       0
       0
       0
       0
       0
       0
       0
       0
       0
       0
       0
       0
       0
       0
$ROI:
0
$PRESETS:
Live Time
10000
0
$ENER_FIT:
0.000000 0.003445
$MCA_CAL:
3
0.000000E+000 3.444600E-003 0.000000E+000 MeV
$SHAPE_CAL:
3
2.068544E+001 0.000000E+000 0.000000E+000
