$SPEC_ID:
No sample description was entered.
$SPEC_REM:
DET# 1
DETDESC# E-C11SRPLAB223 MCB 129
AP# Maestro Version 7.01
$DATE_MEA:
02/19/2026 11:59:07
$MEAS_TIM:
359 360
$DATA:
0 2047
       0
       0
       0
       0
       0
       0
       0
       0
       0
       0
       0
       0
       0
       0
       0
       0
       0
       0
       0
       0
       0
       0
       0
       0
       0
       0
       0
       0
       0
       0
       0
       0
       0
       0
       0
       0
       0
       0
       3
      29
      34
      23
      13
       4
       8
       3
       2
       3
       2
       1
       3
       2
       1
       1
       1
       0
       3
       1
       3
       4
       2
       3
       1
       0
       1
       0
       2
       3
       3
       2
       1
       1
       1
       0
       5
       2
       4
       1
       1
       1
       2
       1
       2
       2
       0
       1
       2
       1
       2
       1
       0
       1
       2
       6
       0
       1
       2
       1
       2
       1
       0
       1
       1
       1
       0
       0
       2
       2
       0
       0
       3
       0
       2
       2
       1
       3
       0
       1
       2
       1
       2
       2
       1
       1
       3
       1
       2
       1
       1
       0
       3
       1
       2
       2
       0
       0
       3
       3
       2
       0
       4
       1
       0
       0
       1
       0
       4
       2
       0
       1
       1
       3
       2
       2
       3
       0
       3
       0
       1
       1
       1
       3
       1
       1
       2
       1
       1
       0
       0
       2
       1
       1
       2
       3
       1
       1
       3
       2
       1
       1
       0
       1
       0
       0
       1
       1
       2
       1
       0
       0
       0
       0
       2
       1
       1
       0
       1
       1
       2
       1
       2
       3
       1
       0
       1
       1
       0
       1
       3
       1
       2
       1
       0
       1
       1
       1
       0
       1
       1
       3
       3
       1
       0
       0
       0
       1
       1
       0
       2
       4
       0
       0
       1
       0
       3
       2
       1
       1
       0
       1
       1
       1
       1
       1
       0
       0
       1
       0
       2
       2
       3
       1
       2
       0
       1
       0
       2
       2
       2
       0
       4
       1
       1
       2
       1
       1
       2
       1
       2
       1
       2
       0
       0
       2
       2
       1
       0
       1
       1
       1
       3
       0
       1
       2
       0
       2
       1
       0
       0
       2
       1
       1
       1
       1
       0
       1
       3
       1
       0
       1
       1
       0
       1
       1
       1
       2
       3
       1
       1
       0
       1
       0
       2
       3
       0
       0
       4
       0
       0
       0
       0
       0
       1
       1
       2
       0
       1
       0
       1
       2
       0
       4
       2
       0
       0
       0
       1
       2
       2
       1
       0
       1
       1
       2
       1
       2
       0
       2
       1
       0
       1
       0
       1
       0
       0
       0
       0
       2
       0
       0
       1
       2
       2
       2
       0
       1
       0
       2
       0
       1
       1
       0
       1
       2
       1
       3
       2
       1
       0
       0
       4
       1
       1
       0
       1
       2
       1
       0
       1
       0
       2
       0
       2
       1
       0
       1
       3
       1
       1
       1
       1
       0
       2
       0
       1
       3
       1
       3
       0
       1
       1
       0
       0
       2
       0
       1
       1
       1
       0
       1
       2
       3
       0
       2
       1
       2
       0
       2
       2
       1
       1
       1
       3
       0
       0
       1
       0
       2
       1
       1
       0
       0
       2
       1
       1
       1
       2
       1
       1
       1
       1
       2
       2
       1
       0
       0
       1
       0
       0
       1
       0
       2
       0
       0
       2
       4
       0
       0
       1
       0
       3
       1
       1
       0
       1
       0
       2
       1
       1
       3
       1
       1
       1
       0
       2
       0
       0
       0
       1
       1
       0
       2
       1
       0
       3
       2
       0
       2
       1
       0
       2
       2
       1
       0
       0
       0
       0
       0
       1
       2
       0
       1
       4
       4
       0
       2
       0
       5
       0
       0
       1
       1
       1
       3
       0
       1
       2
       1
       1
       1
       2
       0
       3
       3
       1
       1
       0
       2
       3
       1
       2
       1
       1
       1
       1
       1
       0
       1
       1
       1
       1
       1
       3
       1
       0
       2
       2
       1
       0
       1
       1
       0
       2
       1
       3
       0
       0
       1
       0
       0
       3
       0
       2
       3
       0
       3
       1
       1
       0
       2
       2
       4
       1
       3
       1
       0
       2
       2
       2
       2
       2
       0
       0
       1
       4
       2
       0
       2
       1
       2
       2
       2
       0
       3
       1
       1
       0
       1
       0
       1
       1
       2
       2
       1
       1
       2
       2
       1
       1
       2
       2
       0
       4
       1
       3
       2
       1
       1
       1
       2
       1
       1
       0
       0
       1
       0
       1
       1
       4
       2
       1
       0
       3
       1
       2
       3
       2
       3
       2
       4
       3
       0
       0
       4
       1
       1
       0
       2
       3
       2
       0
       2
       3
       1
       1
       0
       4
       2
       4
       2
       1
       1
       0
       1
       0
       2
       0
       3
       6
       0
       0
       1
       1
       2
       4
       0
       1
       1
       1
       2
       3
       3
       0
       1
       2
       6
       4
       3
       0
       1
       1
       1
       2
       3
       1
       1
       4
       0
       1
       1
       2
       2
       2
       1
       1
       2
       3
       1
       3
       2
       2
       0
       2
       1
       3
       1
       3
       4
       3
       0
       1
       1
       3
       1
       1
       3
       4
       1
       4
       3
       5
       2
       5
       0
       1
       1
       5
       2
       2
       4
       0
       2
       3
       2
       0
       1
       1
       5
       2
       3
       4
       2
       3
       4
       1
       3
       1
       5
       4
       4
       3
       1
       1
       1
       5
       3
       0
       1
       3
       0
       2
       2
       3
       3
       2
       5
       3
       6
       3
       4
       4
       3
       5
       2
       6
       2
       1
       7
       3
       7
       2
       3
       2
       3
       2
       3
       2
       0
       6
       3
       5
       3
       2
       3
       6
       2
       1
       4
       2
       1
       5
       3
       4
       3
       2
       3
       5
       5
       4
       5
       6
       6
       6
       0
       4
       4
       1
       1
       4
       8
       3
       2
       4
       3
       3
       5
       3
       2
       5
       5
       7
       6
       8
       4
       2
       6
       2
       5
       5
       5
       5
       5
       4
       5
       5
       5
       8
       3
       4
       5
       3
       2
       4
       8
       4
       6
       6
       5
       9
       6
       4
       3
       6
       1
       6
       7
       7
       8
       5
       8
       6
       3
       7
       6
       7
       8
      11
      10
       6
       7
       7
       8
       8
       7
      10
       7
       9
      13
      16
       9
      13
       4
       7
      13
      13
      11
       7
      14
      15
      11
      12
      15
       9
      12
      13
      11
      14
      18
      14
      14
      12
      13
      14
      16
       7
      14
      22
      19
      18
      25
      19
      20
      23
      27
      26
      26
      19
      25
      30
      27
      29
      26
      25
      18
      27
      32
      23
      34
      37
      27
      34
      39
      25
      32
      25
      36
      40
      30
      20
      34
      36
      47
      46
      42
      46
      39
      45
      45
      30
      53
      36
      56
      68
      44
      47
      56
      71
      52
      45
      60
      58
      45
      61
      65
      67
      66
      57
      62
      56
      82
      76
      69
      71
      76
      65
      57
      77
      75
      82
      78
      63
      80
      82
      83
      69
      74
      77
      82
      70
      78
      69
      75
      81
      67
      77
      69
      84
      98
      80
      87
      91
      76
      77
      78
     104
      87
     110
      90
      81
      86
      81
      96
      83
      87
     104
      83
      93
      95
      92
      78
      92
      92
     110
      79
      76
      91
     105
      97
     100
     116
     113
      91
      98
     104
     117
     105
     100
      97
     112
     100
     115
     107
      81
     112
      93
     121
     113
     106
     129
     121
     118
      99
     117
     116
     102
     125
     136
     118
      89
     143
     127
     129
     114
     115
     132
     109
     127
     142
     117
     136
     139
     131
     141
     145
     129
     124
     127
     139
     118
     134
     126
     149
     126
     144
     146
     131
     129
     142
     139
     161
     126
     125
     153
     148
     160
     153
     157
     164
     175
     150
     153
     176
     159
     166
     164
     154
     187
     170
     178
     211
     193
     193
     181
     189
     189
     203
     190
     221
     221
     194
     207
     205
     184
     205
     179
     209
     207
     215
     220
     227
     207
     197
     210
     229
     237
     220
     227
     206
     203
     180
     192
     207
     179
     172
     191
     178
     187
     230
     176
     183
     149
     173
     163
     160
     163
     148
     142
     136
     130
     123
     123
     117
     112
     105
      76
      88
      87
      72
      67
      75
      66
      58
      47
      47
      46
      39
      46
      26
      36
      21
      35
      25
      17
      18
      13
      20
      11
      14
      17
       8
       8
      11
       7
       8
       9
       8
       5
       4
       3
       4
       1
       0
       1
       1
       4
       2
       1
       2
       0
       2
       2
       0
       1
       0
       0
       0
       0
       2
       1
       0
       1
       0
       1
       0
       2
       0
       0
       0
       1
       1
       1
       1
       0
       0
       0
       2
       0
       0
       0
       0
       0
       0
       1
       0
       0
       0
       0
       0
       0
       1
       0
       0
       0
       0
       0
       0
       0
       0
       0
       1
       0
       0
       1
       0
       0
       1
       0
       0
       0
       0
       0
       0
       0
       1
       0
       0
       0
       1
       0
       2
       1
       0
       1
       0
       0
       0
       0
       1
       0
       2
       0
       1
       0
       0
       1
       0
       0
       0
       1
       0
       0
       0
       0
       1
       1
       0
       0
       0
       0
       0
       0
       1
       0
       0
       0
       1
       0
       1
       0
       1
       0
       0
       0
       1
       1
       1
       0
       1
       0
       0
       1
       2
       0
       1
       0
       0
       0
       0
       0
       0
       0
       0
       2
       1
       0
       1
       0
       1
       0
       0
       0
       0
       0
       0
       1
       1
       0
       0
       0
       0
       0
       0
       0
       1
       0
       1
       0
       0
       0
       0
       2
       0
       1
       1
       1
       0
       1
       0
       0
       0
       0
       0
       0
       1
       2
       0
       0
       0
       0
       0
       0
       1
       0
       0
       0
       0
       1
       2
       2
       1
       0
       3
       0
       0
       0
       0
       0
       0
       2
       0
       0
       0
       0
       1
       0
       0
       0
       0
       0
       1
       0
       1
       2
       0
       1
       1
       0
       0
       0
       0
       0
       0
       0
       1
       0
       0
       2
       0
       0
       1
       1
       1
       1
       3
       0
       2
       2
       1
       0
       0
       0
       3
       2
       1
       0
       2
       1
       1
       1
       0
       0
       0
       0
       2
       1
       0
       0
       1
       0
       1
       0
       1
       1
       1
       0
       2
       0
       0
       1
       1
       0
       0
       0
       0
       0
       2
       0
       0
       0
       4
       0
       1
       2
       1
       0
       1
       2
       2
       1
       0
       3
       1
       1
       0
       1
       1
       2
       1
       2
       1
       1
       1
       4
       1
       1
       1
       1
       1
       1
       2
       0
       0
       1
       1
       1
       2
       1
       0
       0
       0
       2
       2
       0
       3
       2
       3
       1
       1
       0
       2
       1
       1
       1
       0
       1
       1
       3
       2
       0
       2
       0
       2
       1
       1
       0
       3
       3
       1
       1
       0
       1
       1
       1
       1
       0
       0
       0
       0
       2
       2
       2
       1
       1
       1
       3
       1
       2
       0
       1
       0
       1
       0
       0
       0
       3
       0
       2
       0
       2
       1
       0
       1
       0
       1
       0
       1
       0
       2
       0
       4
       2
       2
       0
       3
       0
       2
       1
       0
       2
       0
       0
       1
       0
       0
       1
       0
       1
       1
       0
       0
       0
       1
       0
       0
       0
       0
       0
       0
       0
       0
       0
       0
       0
       0
       0
       0
       0
       0
       0
       0
       0
       0
       0
       0
       0
       0
       0
       0
       0
       0
       0
       0
       0
       0
       0
       0
       0
       0
       0
       0
       0
       0
       0
       0
       0
       0
       0
       0
       0
       0
       0
       0
       0
       0
       0
       0
       0
       0
       0
       0
       0
       0
       0
       0
       0
       0
       0
       0
       0
       0
       0
       0
       0
       0
       0
       0
       0
       0
       0
       0
       0
       0
       0
       0
       0
       0
       0
       0
       0
       0
       0
       0
       0
       0
       0
       0
       0
       0
       0
       0
       0
       0
       0
       0
       0
       0
       0
       0
       0
       0
       0
       0
       0
       0
       0
       0
       0
       0
       0
       0
       0
       0
       0
       0
       0
       0
       0
       0
       0
       0
       0
       0
       0
       0
       0
       0
       0
       0
       0
       0
       0
       0
       0
       0
       0
       0
       0
       0
       0
       0
       0
       0
       0
       0
       0
       0
       0
       0
       0
       0
       0
       0
       0
       0
       0
       0
       0
       0
       0
       0
       0
       0
       0
       0
       0
       0
       0
       0
       0
       0
       0
       0
       0
       0
       0
       0
       0
       0
       0
       0
       0
       0
       0
       0
       0
       0
       0
       0
       0
       0
       0
       0
       0
       0
       0
       0
       0
       0
       0
       0
       0
       0
       0
       0
       0
       0
       0
       0
       0
       0
       0
       0
       0
       0
       0
       0
       0
       0
       0
       0
       0
       0
       0
       0
       0
       0
       0
       0
       0
       0
       0
       0
       0
       0
       0
       0
       0
       0
       0
       0
       0
       0
       0
       0
       0
       0
       0
       0
       0
       0
       0
       0
       0
       0
       0
       0
       0
       0
       0
       0
       0
       0
       0
       0
       0
       0
       0
       0
       0
       0
       0
       0
       0
       0
       0
       0
       0
       0
       0
       0
       0
       0
       0
       0
       0
       0
       0
       0
       0
       0
       0
       0
       0
       0
       0
       0
       0
       0
       0
       0
       0
       0
       0
       0
       0
       0
       0
       0
       0
       0
       0
       0
       0
       0
       0
       0
       0
       0
       0
       0
       0
       0
       0
       0
       0
       0
       0
       0
       0
       0
       0
       0
       0
       0
       0
       0
       0
       0
       0
       0
       0
       0
       0
       0
       0
       0
       0
       0
       0
       0
       0
       0
       0
       0
       0
       0
       0
       0
       0
       0
       0
       0
       0
       0
       0
       0
       0
       0
       0
       0
       0
       0
       0
       0
       0
       0
       0
       0
       0
       0
       0
       0
       0
       0
       0
       0
       0
       0
$ROI:
0
$PRESETS:
Live Time
10000
0
$ENER_FIT:
0.000000 0.003445
$MCA_CAL:
3
0.000000E+000 3.444600E-003 0.000000E+000 MeV
$SHAPE_CAL:
3
2.068544E+001 0.000000E+000 0.000000E+000
