$SPEC_ID:
No sample description was entered.
$SPEC_REM:
DET# 1
DETDESC# E-C11SRPLAB223 MCB 129
AP# Maestro Version 7.01
$DATE_MEA:
02/19/2026 12:24:09
$MEAS_TIM:
360 360
$DATA:
0 2047
       0
       0
       0
       0
       0
       0
       0
       0
       0
       0
       0
       0
       0
       0
       0
       0
       0
       0
       0
       0
       0
       0
       0
       0
       0
       0
       0
       0
       0
       0
       0
       0
       0
       0
       0
       0
       0
       0
       1
      29
      13
      15
      10
       3
       4
       4
       4
       4
       2
       2
       3
       1
       0
       1
       1
       2
       2
       3
       2
       0
       0
       1
       2
       1
       0
       0
       1
       2
       0
       0
       1
       1
       1
       1
       3
       2
       2
       0
       2
       0
       2
       4
       0
       0
       1
       0
       1
       1
       0
       2
       0
       3
       2
       1
       1
       2
       0
       2
       1
       1
       3
       2
       1
       2
       1
       1
       2
       0
       1
       0
       3
       1
       1
       2
       1
       1
       0
       1
       0
       0
       2
       2
       0
       7
       0
       2
       0
       2
       0
       0
       1
       4
       0
       2
       2
       3
       3
       0
       2
       3
       0
       2
       0
       1
       1
       4
       4
       2
       3
       1
       2
       1
       1
       1
       3
       2
       1
       1
       0
       0
       0
       1
       2
       2
       0
       1
       1
       1
       0
       3
       1
       2
       4
       4
       2
       1
       1
       1
       1
       1
       2
       1
       1
       3
       0
       2
       1
       1
       0
       2
       1
       0
       0
       2
       1
       3
       1
       0
       1
       0
       1
       0
       1
       0
       0
       0
       1
       1
       3
       1
       1
       0
       0
       0
       2
       1
       1
       1
       0
       0
       2
       0
       0
       2
       2
       1
       0
       4
       1
       1
       3
       0
       1
       3
       2
       0
       6
       0
       0
       1
       1
       1
       1
       1
       3
       1
       0
       0
       3
       1
       1
       1
       1
       1
       1
       1
       1
       1
       3
       1
       2
       1
       0
       2
       1
       1
       2
       0
       2
       2
       1
       1
       0
       0
       0
       2
       2
       3
       2
       0
       2
       3
       1
       4
       1
       1
       2
       2
       1
       1
       1
       0
       3
       1
       1
       1
       1
       0
       1
       2
       0
       1
       0
       0
       2
       3
       0
       0
       1
       1
       2
       0
       2
       1
       2
       3
       1
       3
       0
       0
       1
       2
       1
       1
       1
       2
       0
       2
       4
       3
       0
       1
       0
       2
       2
       3
       1
       2
       1
       2
       2
       4
       1
       0
       0
       2
       2
       0
       0
       1
       1
       1
       0
       0
       1
       1
       3
       1
       2
       2
       0
       3
       1
       1
       0
       1
       2
       3
       2
       0
       2
       1
       1
       1
       0
       0
       0
       2
       0
       0
       1
       0
       1
       1
       2
       1
       1
       3
       1
       3
       1
       2
       0
       2
       0
       1
       2
       0
       2
       2
       3
       0
       1
       1
       1
       0
       1
       2
       3
       3
       1
       0
       0
       0
       3
       0
       2
       1
       1
       0
       4
       1
       2
       1
       2
       1
       0
       1
       1
       4
       3
       2
       1
       1
       3
       2
       0
       0
       2
       1
       1
       0
       0
       0
       0
       4
       0
       1
       1
       1
       3
       2
       2
       0
       1
       2
       2
       0
       0
       1
       0
       1
       0
       2
       2
       0
       2
       1
       1
       0
       0
       0
       0
       0
       1
       3
       2
       1
       0
       1
       1
       1
       1
       1
       2
       1
       2
       1
       3
       3
       2
       1
       1
       1
       2
       3
       3
       2
       1
       3
       2
       3
       0
       1
       2
       1
       3
       0
       3
       1
       1
       0
       1
       5
       0
       1
       0
       2
       1
       2
       0
       3
       1
       0
       2
       1
       1
       1
       4
       1
       0
       2
       1
       2
       1
       3
       2
       0
       2
       2
       2
       0
       2
       1
       2
       0
       0
       1
       1
       2
       1
       0
       3
       1
       3
       1
       1
       3
       2
       2
       2
       0
       3
       1
       1
       3
       0
       0
       0
       3
       1
       1
       2
       0
       0
       1
       0
       2
       1
       2
       1
       5
       2
       1
       1
       2
       2
       1
       3
       1
       1
       5
       1
       1
       0
       0
       0
       1
       0
       1
       2
       1
       1
       1
       0
       2
       3
       3
       2
       3
       1
       1
       1
       3
       0
       1
       2
       0
       2
       2
       1
       3
       3
       2
       2
       2
       2
       2
       2
       2
       2
       0
       0
       3
       4
       3
       3
       3
       7
       0
       1
       2
       1
       2
       1
       0
       2
       2
       4
       1
       2
       1
       0
       2
       2
       1
       1
       1
       1
       1
       0
       1
       2
       0
       0
       1
       1
       1
       2
       0
       4
       0
       1
       2
       3
       1
       2
       1
       1
       2
       2
       2
       1
       2
       1
       5
       3
       2
       3
       2
       2
       2
       1
       4
       1
       0
       0
       1
       0
       1
       4
       1
       2
       1
       4
       0
       1
       1
       3
       0
       1
       1
       3
       0
       2
       5
       1
       1
       2
       1
       1
       0
       2
       2
       0
       1
       4
       1
       4
       3
       3
       1
       3
       2
       3
       3
       6
       0
       4
       0
       0
       1
       2
       1
       2
       1
       6
       2
       3
       2
       1
       2
       4
       3
       4
       2
       3
       5
       2
       2
       3
       0
       0
       1
       2
       5
       5
       4
       2
       1
       5
       2
       0
       2
       4
       1
       3
       1
       1
       3
       5
       3
       5
       3
       2
       4
       4
       1
       4
       4
       4
       2
       5
       3
       2
       2
       4
       4
       2
       7
       4
       5
       4
       1
       5
       5
       4
       2
       5
       3
       4
       2
       4
       1
       2
       4
       4
       3
       6
       5
       7
       3
       7
       8
       4
       6
       4
       4
       6
       3
       4
       4
       2
       3
       4
       4
       4
       3
       5
       4
       5
       5
       7
       4
       6
       0
       1
       5
       2
       3
       7
       5
       7
       4
      12
       4
       3
       7
       5
       6
       7
       4
       7
       3
       5
       4
       5
       7
       8
       5
       4
       4
       9
       6
       3
       2
       4
       8
       4
       6
       5
       4
      12
       6
       8
       7
       9
      10
       8
      14
       4
      10
       9
      10
       9
      10
       8
      11
      14
       7
      13
       6
       7
       8
      12
      10
       5
       7
      17
      10
      15
      16
      10
      12
      12
      13
       7
      14
      12
      11
      11
      14
      12
      15
       9
      17
      17
      13
      24
      15
      19
      15
      22
      18
      20
      22
      15
      26
      23
      27
      21
      23
      25
      25
      30
      28
      20
      28
      25
      25
      24
      35
      23
      26
      26
      33
      41
      36
      38
      23
      43
      42
      40
      32
      50
      40
      42
      46
      47
      47
      49
      49
      46
      47
      59
      64
      69
      60
      57
      70
      67
      64
      56
      56
      65
      66
      65
      59
      51
      61
      60
      64
      78
      72
      76
      73
      49
      84
      90
      75
      73
      67
      69
      70
      93
      86
      72
      59
      81
      74
      78
      84
      66
      80
      72
      95
      81
      74
      88
      81
      86
      87
      98
      79
      76
     104
      88
      72
      85
     106
      88
      77
      80
      90
      75
      88
      87
      91
      86
      81
      97
     103
     111
      93
      98
      99
      90
     100
      95
     106
     100
      97
     107
     104
      96
     103
      99
     104
      99
     118
     112
     110
      98
     124
      98
     112
     113
      92
     101
      95
     109
     120
     109
     117
     117
     124
     115
     120
     106
     108
      90
     110
     137
     102
     116
     118
     119
     126
     110
     138
     128
     128
     132
     124
     111
     126
     119
     124
     105
     145
     118
     138
     126
     139
     137
     129
     130
     138
     144
     139
     131
     143
     144
     165
     162
     136
     147
     127
     166
     157
     154
     147
     135
     157
     140
     152
     143
     167
     160
     182
     161
     168
     170
     173
     183
     160
     190
     198
     184
     182
     187
     184
     188
     202
     187
     184
     192
     157
     220
     185
     205
     187
     183
     200
     204
     173
     194
     194
     197
     160
     215
     199
     212
     204
     186
     193
     193
     170
     183
     166
     176
     204
     172
     207
     197
     171
     168
     156
     153
     132
     134
     161
     146
     131
     139
     128
     129
     109
     106
     109
      91
      93
      80
      87
      69
      83
      63
      60
      67
      48
      59
      56
      46
      36
      27
      37
      34
      21
      20
      27
      23
      14
      23
      14
      12
       8
      17
      10
       7
       3
       7
       5
       6
       5
       2
       6
       3
       1
       2
       3
       0
       2
       1
       0
       1
       1
       2
       2
       1
       1
       1
       0
       1
       0
       0
       0
       1
       0
       0
       2
       1
       0
       0
       0
       0
       0
       1
       3
       0
       0
       0
       0
       0
       0
       1
       0
       0
       0
       1
       0
       0
       0
       0
       0
       1
       0
       1
       0
       0
       0
       0
       0
       0
       0
       1
       0
       0
       0
       0
       1
       2
       0
       0
       1
       0
       0
       0
       0
       0
       0
       0
       0
       0
       0
       1
       0
       0
       0
       0
       1
       0
       0
       0
       0
       0
       0
       2
       0
       0
       1
       2
       1
       1
       0
       0
       0
       0
       2
       0
       0
       0
       0
       0
       1
       0
       0
       1
       1
       0
       1
       0
       0
       0
       0
       0
       0
       1
       0
       0
       1
       0
       0
       0
       0
       1
       0
       1
       0
       1
       1
       1
       0
       0
       0
       0
       0
       0
       0
       0
       1
       2
       1
       0
       0
       3
       2
       1
       0
       0
       0
       1
       0
       0
       0
       0
       0
       0
       0
       1
       1
       0
       0
       0
       2
       1
       0
       0
       0
       0
       0
       0
       0
       0
       1
       0
       1
       0
       0
       2
       1
       0
       1
       0
       0
       0
       0
       0
       0
       0
       1
       0
       0
       3
       1
       0
       0
       1
       0
       0
       2
       3
       1
       2
       1
       1
       0
       1
       0
       2
       1
       1
       0
       0
       1
       1
       1
       0
       2
       0
       0
       1
       0
       0
       2
       0
       2
       1
       0
       1
       1
       0
       0
       1
       1
       1
       1
       1
       1
       0
       3
       0
       1
       0
       1
       1
       1
       1
       1
       3
       0
       1
       0
       1
       2
       1
       0
       3
       1
       0
       1
       1
       0
       1
       4
       3
       0
       1
       0
       0
       1
       0
       0
       0
       0
       0
       0
       2
       1
       0
       0
       0
       0
       0
       0
       0
       1
       0
       2
       3
       0
       2
       0
       0
       2
       1
       2
       1
       1
       1
       1
       0
       2
       1
       0
       1
       1
       1
       1
       1
       1
       4
       2
       0
       1
       4
       0
       0
       1
       1
       2
       0
       0
       1
       0
       2
       0
       0
       2
       1
       1
       2
       1
       1
       1
       1
       3
       3
       0
       1
       0
       3
       2
       2
       0
       3
       1
       1
       0
       1
       0
       1
       3
       1
       0
       1
       0
       1
       1
       3
       0
       1
       0
       3
       1
       0
       1
       2
       1
       0
       0
       0
       0
       2
       0
       2
       0
       1
       2
       2
       0
       2
       1
       1
       1
       2
       2
       1
       1
       1
       0
       2
       3
       0
       0
       0
       2
       2
       1
       1
       1
       1
       0
       0
       1
       3
       0
       3
       1
       1
       0
       1
       1
       0
       0
       0
       1
       0
       0
       0
       0
       0
       0
       0
       1
       0
       1
       0
       0
       0
       0
       0
       0
       0
       0
       0
       0
       0
       0
       0
       0
       0
       0
       0
       0
       0
       0
       0
       0
       0
       0
       0
       0
       0
       0
       0
       0
       0
       0
       0
       0
       0
       0
       0
       0
       0
       0
       0
       0
       0
       0
       0
       0
       0
       0
       0
       0
       0
       0
       0
       0
       0
       0
       0
       0
       0
       0
       0
       0
       0
       0
       0
       0
       0
       0
       0
       0
       0
       0
       0
       0
       0
       0
       0
       0
       0
       0
       0
       0
       0
       0
       0
       0
       0
       0
       0
       0
       0
       0
       0
       0
       0
       0
       0
       0
       0
       0
       0
       0
       0
       0
       0
       0
       0
       0
       0
       0
       0
       0
       0
       0
       0
       0
       0
       0
       0
       0
       0
       0
       0
       0
       0
       0
       0
       0
       0
       0
       0
       0
       0
       0
       0
       0
       0
       0
       0
       0
       0
       0
       0
       0
       0
       0
       0
       0
       0
       0
       0
       0
       0
       0
       0
       0
       0
       0
       0
       0
       0
       0
       0
       0
       0
       0
       0
       0
       0
       0
       0
       0
       0
       0
       0
       0
       0
       0
       0
       0
       0
       0
       0
       0
       0
       0
       0
       0
       0
       0
       0
       0
       0
       0
       0
       0
       0
       0
       0
       0
       0
       0
       0
       0
       0
       0
       0
       0
       0
       0
       0
       0
       0
       0
       0
       0
       0
       0
       0
       0
       0
       0
       0
       0
       0
       0
       0
       0
       0
       0
       0
       0
       0
       0
       0
       0
       0
       0
       0
       0
       0
       0
       0
       0
       0
       0
       0
       0
       0
       0
       0
       0
       0
       0
       0
       0
       0
       0
       0
       0
       0
       0
       0
       0
       0
       0
       0
       0
       0
       0
       0
       0
       0
       0
       0
       0
       0
       0
       0
       0
       0
       0
       0
       1
       0
       0
       0
       0
       0
       0
       0
       0
       0
       0
       0
       0
       0
       0
       0
       0
       0
       0
       0
       0
       0
       0
       0
       0
       0
       0
       0
       0
       0
       0
       0
       0
       0
       0
       0
       0
       0
       0
       0
       0
       0
       0
       0
       0
       0
       0
       0
       0
       0
       0
       0
       0
       0
       0
       0
       0
       0
       0
       0
       0
       0
       0
       0
       0
       0
       0
       0
       0
       0
       0
       0
       0
       0
       0
       0
       0
       0
       0
       0
       0
       0
       0
       0
       0
       0
       0
       0
       0
       0
       0
       0
       0
       0
       0
       0
       0
       0
       0
       0
       0
       0
       0
       0
       0
       0
       0
       0
       0
$ROI:
0
$PRESETS:
Live Time
10000
0
$ENER_FIT:
0.000000 0.003445
$MCA_CAL:
3
0.000000E+000 3.444600E-003 0.000000E+000 MeV
$SHAPE_CAL:
3
2.068544E+001 0.000000E+000 0.000000E+000
