$SPEC_ID:
No sample description was entered.
$SPEC_REM:
DET# 1
DETDESC# E-C11SRPLAB223 MCB 129
AP# Maestro Version 7.01
$DATE_MEA:
02/19/2026 12:30:30
$MEAS_TIM:
362 362
$DATA:
0 2047
       0
       0
       0
       0
       0
       0
       0
       0
       0
       0
       0
       0
       0
       0
       0
       0
       0
       0
       0
       0
       0
       0
       0
       0
       0
       0
       0
       0
       0
       0
       0
       0
       0
       0
       0
       0
       0
       0
      15
     169
     134
      76
      59
      32
      15
       9
      14
       4
       8
       0
       2
       1
       1
       0
       2
       0
       1
       2
       1
       2
       1
       1
       2
       1
       2
       0
       0
       0
       2
       3
       2
       2
       0
       2
       1
       0
       4
       0
       2
       1
       0
       3
       1
       4
       1
       1
       3
       1
       0
       1
       1
       0
       0
       2
       2
       0
       1
       1
       1
       2
       1
       2
       1
       0
       1
       1
       1
       3
       1
       1
       1
       1
       0
       0
       1
       4
       1
       1
       1
       0
       0
       1
       1
       0
       1
       0
       0
       0
       0
       0
       0
       2
       0
       2
       1
       0
       0
       2
       0
       1
       2
       1
       0
       1
       0
       2
       2
       0
       2
       0
       2
       0
       1
       2
       0
       1
       0
       1
       0
       1
       1
       0
       1
       1
       0
       1
       1
       0
       2
       1
       0
       0
       0
       0
       1
       1
       2
       0
       1
       0
       0
       1
       0
       1
       1
       0
       1
       0
       0
       3
       1
       1
       2
       1
       1
       1
       0
       0
       2
       2
       1
       2
       1
       2
       1
       1
       2
       0
       1
       0
       1
       0
       0
       0
       0
       1
       0
       1
       2
       0
       2
       0
       1
       0
       0
       0
       0
       0
       1
       2
       3
       1
       1
       1
       2
       0
       0
       0
       1
       1
       0
       1
       0
       2
       0
       1
       2
       1
       1
       1
       0
       0
       0
       2
       0
       1
       1
       1
       0
       1
       1
       1
       0
       0
       1
       0
       3
       0
       1
       1
       3
       0
       0
       0
       2
       1
       2
       0
       0
       0
       3
       1
       0
       0
       3
       0
       0
       1
       0
       2
       1
       0
       1
       3
       0
       1
       1
       1
       2
       0
       0
       0
       1
       1
       1
       0
       1
       0
       1
       0
       1
       2
       1
       1
       1
       0
       1
       2
       0
       1
       0
       2
       0
       3
       1
       0
       0
       0
       1
       0
       2
       2
       1
       0
       0
       1
       0
       1
       2
       2
       2
       2
       1
       0
       2
       1
       1
       5
       2
       0
       1
       2
       0
       3
       3
       1
       0
       0
       2
       1
       0
       0
       1
       1
       0
       1
       1
       0
       0
       1
       1
       1
       1
       2
       1
       0
       1
       1
       0
       2
       3
       0
       0
       1
       1
       0
       1
       2
       1
       3
       2
       2
       0
       1
       2
       0
       1
       1
       2
       0
       0
       1
       2
       1
       4
       0
       0
       2
       1
       3
       2
       1
       2
       1
       1
       1
       2
       0
       0
       0
       2
       0
       5
       0
       0
       1
       5
       0
       1
       1
       2
       0
       2
       1
       0
       0
       1
       1
       0
       1
       0
       2
       2
       0
       2
       0
       0
       1
       0
       1
       1
       0
       3
       0
       1
       0
       1
       2
       2
       1
       1
       0
       1
       2
       1
       1
       1
       0
       1
       0
       0
       1
       1
       1
       0
       0
       5
       0
       4
       2
       1
       1
       1
       2
       1
       0
       1
       3
       1
       0
       1
       3
       2
       4
       0
       1
       2
       4
       1
       1
       1
       0
       1
       1
       1
       1
       1
       2
       0
       2
       0
       2
       0
       2
       1
       1
       2
       3
       0
       1
       1
       0
       2
       0
       5
       1
       2
       0
       3
       1
       2
       3
       1
       3
       1
       1
       1
       2
       3
       3
       3
       1
       2
       2
       3
       1
       1
       0
       2
       3
       2
       2
       3
       1
       1
       4
       4
       2
       0
       2
       3
       3
       2
       2
       1
       4
       5
       1
       0
       0
       1
       2
       2
       4
       3
       3
       1
       3
       2
       3
       1
       3
       4
       1
       5
       1
       1
       4
       5
       4
       5
       2
       3
       0
       2
       2
       1
       0
       5
       5
       6
       3
       0
       3
       1
       2
       2
       4
       6
       4
       4
       5
       4
       4
       2
       4
       4
       1
       5
       5
       2
       3
       3
       1
       1
       7
       3
       0
       4
       2
       5
       5
       2
       1
       2
       2
       4
       1
       2
       2
       2
       1
       1
       2
       7
       3
       0
       3
       3
       3
       4
       5
       3
       1
       5
       6
       1
       2
       6
       2
       4
       1
       4
       5
       4
       1
       6
       6
       4
       6
       4
       1
       3
       4
       2
       2
       5
       5
       4
       1
       2
       3
       5
       4
       4
       2
       5
       5
       6
       1
       5
       8
       7
       4
       0
       3
       2
       3
       9
       6
       3
       5
       4
       4
       4
       4
       4
       8
       5
       5
       2
       5
       6
       8
       6
       5
       9
       3
      11
       9
       8
       6
      11
      10
       4
      10
       4
       7
       8
       9
       6
      12
       9
      10
       8
       8
       9
      10
      10
       8
       9
       6
       5
      15
      17
       7
       6
      11
      12
      10
      16
      14
      18
      15
      15
      21
      13
      17
      14
      11
      16
      15
      15
      17
      18
      13
      17
      20
      28
      21
      20
      25
      24
      29
      20
      19
      26
      22
      23
      22
      28
      25
      21
      22
      26
      30
      31
      46
      28
      33
      45
      39
      33
      41
      29
      29
      46
      49
      41
      49
      39
      50
      52
      41
      46
      43
      48
      50
      36
      55
      51
      47
      51
      47
      50
      67
      59
      59
      62
      52
      62
      53
      67
      65
      77
      62
      64
      65
      52
      71
      61
      73
      69
      71
      63
      66
      63
      78
      68
      71
      71
      62
      83
      75
      75
      69
      76
      79
      70
      62
      77
      76
      71
      71
      95
      86
      79
      80
      93
      70
      99
      70
      70
      77
     100
      87
      81
      70
      78
      94
     108
      88
      93
      73
      88
      86
      88
      87
      80
      67
      88
      88
      77
      76
      80
      89
      80
      95
      94
      88
      85
      84
      88
      88
      97
     100
      85
      72
      85
      91
      96
      77
     110
      87
      95
      93
     106
     108
     108
     108
      89
      90
     109
     100
     110
     102
     109
      97
      90
     104
      95
      91
      84
      98
     103
      96
     103
      97
     129
     107
      97
     105
      99
     105
     114
     101
     102
      97
     121
      99
     123
     109
     117
      97
     117
     116
     114
      99
     110
     115
     103
     122
      99
     111
     101
     118
     114
     107
     114
     122
     107
     103
     100
     120
     124
     109
     102
     121
     122
     114
     117
     130
     147
     123
     133
     122
     127
     134
     140
     130
     120
     119
     121
     123
     153
     142
     124
     121
     134
     145
     156
     124
     114
     134
     139
     150
     148
     129
     141
     127
     166
     162
     143
     159
     150
     160
     129
     156
     145
     148
     142
     161
     156
     126
     167
     147
     159
     142
     141
     150
     159
     145
     133
     139
     157
     147
     147
     120
     158
     150
     128
     125
     131
     136
     127
     125
     136
     122
     130
     111
     111
     116
     100
     114
     111
     101
     100
      80
      86
      82
      74
      78
      75
      82
      83
      68
      75
      71
      68
      63
      54
      66
      55
      51
      62
      36
      38
      49
      27
      32
      24
      24
      27
      18
      29
      22
      16
      17
      16
      21
      13
      14
      18
       9
      21
       9
      12
       9
       6
       3
       6
       2
       2
       4
       1
       2
       4
       4
       1
       3
       3
       0
       0
       2
       4
       2
       1
       1
       3
       3
       1
       1
       5
       2
       3
       1
       2
       3
       5
       0
       1
       2
       1
       0
       0
       2
       2
       0
       1
       2
       2
       1
       1
       2
       1
       0
       1
       0
       4
       1
       2
       2
       1
       1
       1
       0
       0
       3
       3
       3
       4
       0
       1
       4
       2
       1
       1
       2
       3
       1
       2
       1
       3
       2
       2
       1
       2
       2
       1
       2
       0
       1
       3
       0
       3
       0
       1
       1
       2
       2
       0
       0
       1
       1
       0
       3
       1
       0
       3
       1
       0
       1
       0
       0
       1
       0
       0
       1
       0
       0
       0
       0
       1
       1
       1
       0
       3
       1
       1
       3
       0
       1
       0
       1
       0
       0
       0
       0
       0
       0
       0
       0
       0
       0
       1
       0
       0
       0
       0
       0
       1
       0
       0
       0
       0
       0
       0
       1
       1
       0
       0
       0
       0
       0
       0
       0
       0
       0
       0
       0
       0
       0
       0
       0
       0
       0
       0
       0
       0
       0
       1
       0
       2
       0
       0
       0
       0
       0
       0
       0
       2
       0
       0
       0
       0
       0
       1
       0
       0
       0
       0
       0
       0
       1
       1
       1
       0
       1
       0
       1
       0
       2
       1
       0
       0
       0
       0
       0
       1
       1
       1
       0
       0
       0
       0
       0
       0
       1
       1
       0
       0
       1
       0
       1
       0
       1
       0
       0
       0
       0
       1
       1
       1
       1
       0
       0
       0
       0
       0
       1
       1
       1
       0
       0
       1
       0
       1
       1
       1
       0
       0
       2
       1
       1
       2
       0
       0
       0
       1
       1
       0
       0
       0
       1
       0
       0
       0
       0
       1
       0
       0
       0
       0
       2
       0
       0
       0
       0
       0
       0
       0
       0
       0
       0
       0
       1
       0
       0
       1
       1
       1
       1
       0
       0
       1
       0
       0
       0
       0
       0
       0
       1
       0
       0
       1
       0
       2
       0
       1
       1
       1
       1
       0
       0
       0
       0
       0
       0
       1
       0
       0
       1
       0
       1
       1
       0
       2
       0
       0
       0
       1
       0
       0
       2
       0
       0
       0
       0
       0
       1
       0
       0
       1
       0
       2
       0
       0
       0
       0
       1
       2
       1
       1
       0
       1
       1
       0
       2
       1
       0
       1
       0
       2
       2
       1
       0
       0
       1
       0
       0
       1
       0
       1
       0
       0
       2
       0
       1
       1
       0
       0
       0
       0
       0
       2
       1
       0
       2
       2
       0
       1
       2
       2
       0
       1
       1
       0
       1
       1
       0
       2
       0
       0
       1
       1
       2
       2
       0
       1
       2
       0
       1
       1
       1
       1
       1
       0
       0
       2
       0
       0
       0
       3
       0
       0
       1
       1
       0
       0
       0
       0
       3
       1
       3
       0
       0
       0
       0
       1
       0
       0
       1
       0
       0
       0
       1
       0
       1
       0
       0
       2
       1
       1
       0
       0
       0
       0
       3
       1
       2
       0
       0
       2
       1
       1
       0
       0
       0
       0
       0
       1
       0
       0
       0
       0
       1
       1
       0
       0
       0
       1
       1
       0
       1
       1
       0
       2
       0
       1
       0
       1
       0
       0
       1
       2
       1
       2
       0
       1
       0
       0
       0
       2
       1
       0
       1
       0
       1
       0
       0
       0
       1
       2
       0
       0
       1
       1
       0
       0
       0
       1
       0
       0
       0
       0
       1
       1
       0
       0
       1
       1
       2
       0
       0
       0
       0
       1
       1
       0
       1
       0
       0
       0
       1
       1
       0
       0
       1
       0
       0
       0
       0
       1
       0
       0
       0
       0
       0
       0
       0
       0
       0
       0
       0
       0
       0
       0
       0
       1
       0
       0
       0
       0
       0
       0
       0
       0
       0
       0
       0
       0
       0
       0
       0
       0
       0
       0
       0
       0
       0
       0
       0
       0
       0
       0
       0
       0
       0
       0
       0
       0
       0
       0
       0
       0
       0
       0
       0
       0
       0
       0
       0
       0
       0
       0
       0
       0
       0
       0
       0
       0
       0
       0
       0
       0
       0
       0
       0
       0
       0
       0
       0
       0
       0
       0
       0
       0
       0
       0
       0
       0
       0
       0
       0
       0
       0
       0
       0
       0
       0
       0
       0
       0
       0
       0
       0
       0
       0
       0
       0
       0
       0
       0
       0
       0
       0
       0
       0
       0
       0
       0
       0
       0
       0
       0
       0
       0
       0
       0
       0
       0
       0
       0
       0
       0
       0
       0
       0
       0
       0
       0
       0
       0
       0
       0
       0
       0
       0
       0
       0
       0
       0
       0
       0
       0
       0
       0
       0
       0
       0
       0
       0
       0
       0
       0
       0
       0
       0
       0
       0
       0
       0
       0
       0
       0
       0
       0
       0
       0
       0
       0
       0
       0
       0
       0
       0
       0
       0
       0
       0
       0
       0
       0
       0
       0
       0
       0
       0
       0
       0
       0
       0
       0
       0
       0
       0
       0
       0
       0
       0
       0
       0
       0
       0
       0
       0
       0
       0
       0
       0
       0
       0
       0
       0
       0
       0
       0
       0
       0
       0
       0
       0
       0
       0
       0
       0
       0
       0
       0
       0
       0
       0
       0
       0
       0
       0
       0
       0
       0
       0
       0
       0
       0
       0
       0
       0
       0
       0
       0
       0
       0
       0
       0
       0
       0
       0
       0
       0
       0
       0
       0
       0
       0
       0
       0
       0
       0
       0
       0
       0
       0
       0
       0
       0
       0
       0
       0
       0
       0
       0
       0
       0
       0
       0
       0
       0
       0
       0
       0
       0
       0
       0
       0
       0
       0
       0
       0
       0
       0
       0
       0
       0
       0
       0
       0
       0
       0
       0
       0
       0
       0
       0
       0
       0
       0
       0
       0
       0
       0
       0
       0
       0
       0
       0
       0
       0
       0
       0
       0
       0
       0
       0
       0
       0
       0
       0
       0
       0
       0
       0
       0
       0
       0
       0
       0
       0
       0
       0
       0
       0
       0
       0
       0
       0
       0
       0
       0
       0
       0
       0
       0
       0
       0
       0
       0
       0
       0
       0
       0
       0
       0
       0
       0
       0
       0
       0
       0
       0
       0
       0
       0
       0
       0
       0
       0
       0
       0
       0
       0
       0
       0
       0
       0
       0
       0
       0
       0
       0
$ROI:
0
$PRESETS:
Live Time
10000
0
$ENER_FIT:
0.000000 0.003445
$MCA_CAL:
3
0.000000E+000 3.444600E-003 0.000000E+000 MeV
$SHAPE_CAL:
3
2.068544E+001 0.000000E+000 0.000000E+000
