$SPEC_ID:
No sample description was entered.
$SPEC_REM:
DET# 1
DETDESC# E-C11SRPLAB223 MCB 129
AP# Maestro Version 7.01
$DATE_MEA:
02/19/2026 12:37:12
$MEAS_TIM:
358 358
$DATA:
0 2047
       0
       0
       0
       0
       0
       0
       0
       0
       0
       0
       0
       0
       0
       0
       0
       0
       0
       0
       0
       0
       0
       0
       0
       0
       0
       0
       0
       0
       0
       0
       0
       1
       0
       1
       0
       1
       0
       0
       5
      86
      77
      48
      28
      23
      14
       8
       6
       0
       3
       0
       3
       0
       4
       2
       1
       1
       1
       1
       3
       2
       0
       1
       2
       4
       1
       0
       1
       1
       3
       0
       0
       2
       0
       3
       1
       0
       1
       1
       0
       2
       1
       0
       3
       3
       1
       0
       1
       0
       1
       0
       1
       3
       2
       3
       0
       1
       1
       0
       1
       0
       2
       1
       1
       1
       0
       0
       0
       2
       3
       1
       0
       4
       2
       0
       3
       0
       0
       1
       0
       0
       1
       1
       1
       2
       1
       1
       2
       1
       0
       1
       1
       0
       1
       0
       0
       2
       1
       0
       2
       2
       0
       0
       3
       0
       0
       1
       2
       1
       2
       4
       1
       0
       0
       0
       0
       1
       0
       1
       2
       2
       0
       2
       1
       1
       2
       0
       0
       0
       2
       0
       1
       1
       3
       0
       0
       2
       1
       1
       1
       2
       3
       0
       1
       0
       2
       2
       3
       2
       3
       2
       2
       4
       2
       2
       2
       0
       2
       0
       1
       0
       1
       2
       2
       1
       1
       4
       1
       0
       1
       0
       1
       0
       3
       2
       1
       1
       0
       1
       2
       1
       0
       0
       5
       1
       0
       1
       1
       0
       1
       3
       0
       1
       1
       0
       1
       2
       3
       2
       3
       1
       0
       1
       0
       1
       1
       0
       0
       0
       1
       2
       1
       0
       1
       0
       1
       0
       1
       1
       0
       0
       1
       2
       0
       1
       2
       0
       0
       0
       2
       1
       1
       3
       0
       2
       0
       1
       0
       3
       0
       0
       0
       0
       0
       0
       1
       3
       1
       2
       2
       2
       2
       1
       2
       2
       1
       0
       2
       1
       2
       0
       0
       2
       1
       0
       1
       1
       1
       2
       3
       2
       4
       0
       2
       2
       0
       0
       1
       0
       2
       1
       1
       2
       0
       2
       1
       3
       1
       2
       0
       1
       0
       2
       1
       0
       1
       1
       0
       0
       1
       2
       1
       2
       2
       0
       2
       0
       0
       0
       1
       2
       1
       0
       1
       1
       1
       4
       0
       1
       0
       2
       0
       0
       2
       1
       0
       1
       0
       1
       0
       2
       1
       0
       2
       0
       0
       1
       0
       1
       0
       1
       2
       1
       1
       1
       2
       0
       1
       2
       0
       2
       1
       1
       0
       3
       1
       0
       1
       1
       0
       2
       1
       2
       1
       0
       1
       1
       0
       1
       0
       1
       0
       1
       0
       2
       2
       3
       0
       2
       0
       1
       1
       0
       2
       1
       1
       2
       1
       3
       0
       0
       3
       1
       2
       0
       2
       1
       2
       0
       3
       1
       0
       0
       2
       2
       0
       0
       1
       2
       3
       1
       1
       1
       0
       1
       1
       0
       1
       2
       0
       1
       0
       3
       3
       2
       3
       0
       0
       2
       0
       4
       2
       1
       0
       1
       2
       3
       0
       1
       2
       0
       2
       1
       1
       0
       0
       0
       3
       1
       0
       1
       2
       0
       1
       1
       1
       0
       0
       1
       1
       3
       3
       3
       4
       1
       1
       2
       1
       1
       1
       1
       2
       2
       1
       1
       2
       2
       1
       4
       3
       1
       2
       3
       1
       0
       1
       4
       2
       2
       0
       1
       1
       0
       0
       0
       2
       3
       2
       0
       5
       2
       3
       5
       4
       2
       2
       1
       1
       3
       2
       0
       0
       1
       1
       4
       3
       1
       0
       4
       2
       1
       0
       2
       2
       0
       4
       2
       3
       1
       2
       2
       1
       3
       2
       1
       3
       4
       4
       6
       1
       3
       1
       0
       0
       2
       0
       1
       3
       3
       4
       4
       3
       2
       3
       4
       2
       9
       4
       2
       1
       1
       1
       2
       0
       1
       1
       4
       2
       1
       6
       2
       0
       4
       0
       0
       2
       0
       5
       1
       1
       2
       1
       2
       2
       5
       3
       5
       3
       0
       4
       1
       2
       3
       6
       5
       1
       7
       4
       5
       6
       3
       4
       1
       4
       1
       4
       5
       3
       9
       0
       4
       1
       2
       2
       2
       2
       4
       6
       2
       5
       2
       2
       2
       3
       0
       2
       3
       1
       3
       2
       3
       5
       1
       2
       3
       3
       5
       8
       5
       3
       4
       1
       3
       5
       4
       2
       1
       4
       5
       5
       6
       5
       6
       4
       5
       2
       6
       8
       4
       5
       3
       6
       5
       4
       6
      12
       5
       6
       5
       4
       6
       7
      10
       7
       4
       4
       5
       8
       2
       7
      13
       3
       6
       6
       9
       3
       8
      12
       8
       8
      11
      11
      14
       6
       8
       8
       8
       7
       9
      15
      13
      11
       7
       7
       4
       8
      13
      15
       8
      14
       9
       9
      14
      22
      11
       9
      18
      11
      14
      16
      15
      12
      14
      20
      22
      20
      19
      21
      20
      16
      22
      19
      26
      20
      24
      17
      20
      31
      24
      21
      29
      28
      35
      34
      21
      22
      22
      24
      25
      38
      28
      40
      35
      40
      40
      41
      40
      37
      36
      36
      43
      48
      38
      38
      49
      49
      45
      50
      47
      38
      55
      47
      57
      46
      54
      57
      53
      50
      48
      51
      54
      61
      55
      65
      59
      51
      55
      59
      51
      60
      61
      52
      77
      69
      60
      70
      64
      77
      79
      63
      72
      70
      63
      66
      67
      69
      84
      65
      76
      70
      67
      67
      73
      76
      69
      83
      87
      71
      82
      70
      67
      66
      73
      92
      74
      62
      83
      93
      98
      77
      79
      88
      83
      77
      75
      70
     107
      80
      73
      75
      79
      95
      92
      82
     102
      92
      82
      84
      82
      88
     100
      85
      86
      97
      99
      94
      81
      91
      89
     127
      77
      99
      98
      98
      93
     107
      93
      72
      94
     102
      91
      83
      97
      94
      98
     105
     100
     109
      97
      92
      84
     109
      97
     101
      92
      74
      98
     102
      97
     109
     100
     100
     124
     122
     100
     114
     108
     107
      97
     101
     101
     117
     112
     105
      96
     115
     103
     108
     116
     105
     126
     127
     120
     127
     103
     105
     112
     100
     119
     126
     116
     107
     111
      91
     113
     120
     122
     103
     125
     123
     112
     112
     119
     102
     126
     106
     126
     126
     101
     136
     141
     118
     113
     127
     124
     147
     124
     137
     143
     135
     140
     138
     148
     140
     146
     143
     142
     136
     129
     150
     135
     151
     126
     153
     147
     148
     156
     129
     144
     138
     155
     160
     154
     134
     130
     150
     149
     124
     142
     165
     166
     148
     160
     134
     124
     145
     138
     164
     126
     141
     139
     121
     127
     134
     117
     132
     130
     114
     110
     115
     121
     110
      97
     112
      97
      97
      99
      97
     109
      75
      79
      95
      82
      74
      69
      77
      90
      68
      73
      52
      54
      44
      54
      53
      30
      45
      33
      41
      39
      44
      32
      35
      24
      26
      29
      36
      18
      17
      18
      19
      20
      14
      13
       9
       8
       9
       7
       8
       5
       5
       4
       4
      10
       3
       1
       6
       2
       3
       1
       3
       4
       1
       2
       2
       2
       2
       2
       2
       2
       0
       1
       1
       1
       1
       3
       1
       2
       1
       1
       0
       0
       2
       2
       3
       1
       1
       1
       1
       1
       0
       1
       3
       1
       3
       1
       0
       1
       1
       3
       1
       6
       3
       0
       1
       6
       4
       1
       3
       2
       3
       5
       3
       0
       2
       1
       0
       2
       3
       2
       1
       1
       0
       3
       0
       0
       2
       0
       0
       3
       5
       0
       2
       2
       0
       2
       1
       1
       1
       1
       0
       4
       2
       1
       1
       1
       1
       0
       0
       1
       0
       1
       0
       0
       0
       0
       0
       1
       0
       0
       0
       0
       1
       1
       0
       0
       1
       0
       0
       1
       0
       0
       1
       2
       0
       1
       0
       0
       1
       0
       0
       0
       1
       1
       2
       0
       0
       0
       1
       1
       0
       0
       0
       0
       0
       1
       0
       1
       0
       0
       0
       0
       0
       1
       0
       0
       0
       1
       0
       0
       1
       0
       1
       0
       0
       1
       0
       0
       0
       0
       0
       0
       0
       0
       0
       0
       0
       0
       1
       0
       0
       2
       0
       2
       0
       0
       0
       0
       0
       0
       1
       0
       1
       0
       1
       0
       0
       0
       0
       0
       3
       1
       0
       0
       1
       1
       0
       1
       0
       0
       0
       1
       0
       0
       2
       0
       1
       0
       0
       0
       1
       0
       0
       2
       0
       0
       0
       1
       0
       0
       0
       0
       1
       0
       0
       0
       0
       0
       0
       0
       1
       0
       0
       0
       1
       2
       0
       0
       1
       1
       0
       0
       0
       1
       0
       0
       0
       0
       0
       0
       0
       1
       0
       1
       0
       2
       0
       0
       1
       0
       1
       0
       1
       0
       0
       0
       0
       1
       0
       0
       1
       0
       0
       0
       0
       2
       1
       0
       3
       1
       0
       0
       1
       0
       0
       0
       0
       0
       1
       0
       0
       0
       1
       0
       0
       0
       0
       0
       2
       0
       1
       0
       0
       0
       1
       2
       0
       0
       0
       0
       1
       0
       0
       0
       1
       0
       2
       1
       0
       0
       0
       5
       0
       0
       0
       0
       0
       1
       0
       0
       2
       0
       2
       0
       0
       1
       0
       0
       0
       0
       0
       1
       0
       1
       1
       0
       0
       3
       0
       0
       0
       2
       0
       1
       1
       0
       0
       1
       0
       0
       1
       0
       0
       0
       2
       0
       1
       0
       0
       0
       1
       3
       0
       0
       0
       1
       2
       0
       1
       0
       0
       0
       0
       0
       0
       0
       1
       0
       2
       1
       0
       1
       0
       2
       1
       0
       1
       1
       0
       0
       1
       0
       2
       0
       0
       1
       3
       1
       0
       2
       0
       0
       0
       2
       0
       2
       2
       0
       0
       2
       0
       0
       0
       1
       1
       1
       1
       5
       0
       0
       1
       0
       0
       1
       1
       0
       1
       3
       1
       1
       1
       1
       2
       0
       0
       0
       0
       0
       1
       1
       0
       1
       0
       0
       2
       0
       2
       0
       1
       1
       1
       0
       1
       1
       1
       1
       1
       0
       0
       1
       0
       2
       1
       1
       0
       0
       0
       0
       2
       1
       0
       0
       1
       1
       1
       1
       0
       0
       1
       1
       0
       0
       0
       0
       1
       0
       0
       0
       1
       0
       1
       0
       1
       0
       0
       0
       0
       0
       0
       0
       1
       0
       0
       0
       0
       1
       0
       1
       1
       1
       0
       0
       0
       0
       1
       0
       1
       0
       0
       0
       0
       0
       0
       1
       0
       0
       0
       0
       0
       0
       0
       0
       0
       2
       0
       0
       0
       0
       0
       0
       1
       0
       0
       0
       0
       0
       0
       0
       0
       0
       0
       0
       0
       0
       0
       0
       0
       0
       0
       0
       0
       0
       0
       0
       0
       0
       0
       0
       0
       0
       0
       0
       0
       0
       0
       0
       0
       0
       0
       0
       0
       0
       0
       0
       0
       0
       0
       0
       0
       0
       0
       0
       0
       0
       0
       0
       0
       0
       0
       0
       0
       0
       0
       0
       0
       0
       0
       0
       0
       0
       0
       0
       0
       0
       0
       0
       0
       0
       0
       0
       0
       0
       0
       0
       0
       0
       0
       0
       0
       0
       0
       0
       0
       0
       0
       0
       0
       0
       0
       0
       0
       0
       0
       0
       0
       0
       0
       0
       0
       0
       0
       0
       0
       0
       0
       0
       0
       0
       0
       0
       0
       0
       0
       0
       0
       0
       0
       0
       0
       0
       0
       0
       0
       0
       0
       0
       0
       0
       0
       0
       0
       0
       0
       0
       0
       0
       0
       0
       0
       0
       0
       0
       0
       0
       0
       0
       0
       0
       0
       0
       0
       0
       0
       0
       0
       0
       0
       0
       0
       0
       0
       0
       0
       0
       0
       0
       0
       0
       0
       0
       0
       0
       0
       0
       0
       0
       0
       0
       0
       0
       0
       0
       0
       0
       0
       0
       0
       0
       0
       0
       0
       0
       0
       0
       0
       0
       0
       0
       0
       0
       0
       0
       0
       0
       0
       0
       0
       0
       0
       0
       0
       0
       0
       0
       0
       0
       0
       0
       0
       0
       0
       0
       0
       0
       0
       0
       0
       0
       0
       0
       0
       0
       0
       0
       0
       0
       0
       0
       0
       0
       0
       0
       0
       0
       0
       0
       0
       0
       0
       0
       0
       0
       0
       0
       0
       0
       0
       0
       0
       0
       0
       0
       0
       0
       0
       0
       0
       0
       0
       0
       0
       0
       0
       0
       0
       0
       0
       0
       0
       0
       0
       0
       0
       0
       0
       0
       0
       0
       0
       0
       0
       0
       0
       0
       0
       0
       0
       0
       0
       0
       0
       0
       0
       0
       0
       0
       0
       0
       0
       0
       0
       0
       0
       0
       0
       0
       0
       0
       0
       0
       0
       0
       0
       0
       0
       0
       0
       0
       0
       0
       0
       0
       0
       0
       0
       0
       0
       0
       0
       0
       0
       0
       0
       0
       0
       0
       0
       0
       0
       0
       0
       0
       0
       0
       0
       0
       0
       0
       0
       0
       0
       0
       0
       0
       0
       0
       0
       0
       0
       0
       0
       0
       0
       0
       0
       0
       0
       0
       0
       0
       0
       0
       0
       0
       0
       0
       0
       0
       0
       0
$ROI:
0
$PRESETS:
Live Time
10000
0
$ENER_FIT:
0.000000 0.003445
$MCA_CAL:
3
0.000000E+000 3.444600E-003 0.000000E+000 MeV
$SHAPE_CAL:
3
2.068544E+001 0.000000E+000 0.000000E+000
