$SPEC_ID:
No sample description was entered.
$SPEC_REM:
DET# 1
DETDESC# E-C11SRPLAB223 MCB 129
AP# Maestro Version 7.01
$DATE_MEA:
02/19/2026 12:44:50
$MEAS_TIM:
362 363
$DATA:
0 2047
       0
       0
       0
       0
       0
       0
       0
       0
       0
       0
       0
       0
       0
       0
       0
       0
       0
       0
       0
       0
       0
       0
       0
       0
       0
       0
       0
       0
       0
       0
       0
       0
       0
       0
       0
       0
       0
       0
     134
     524
     397
     269
     218
     141
      89
      68
      49
      33
      20
      14
      11
      12
       7
       1
       3
       1
       1
       3
       1
       1
       2
       1
       0
       1
       0
       2
       1
       0
       2
       0
       1
       2
       1
       2
       0
       3
       0
       1
       1
       2
       2
       2
       0
       0
       3
       1
       1
       0
       1
       0
       0
       1
       1
       0
       0
       2
       1
       0
       1
       1
       1
       1
       1
       3
       0
       2
       0
       1
       1
       0
       1
       1
       2
       0
       0
       4
       0
       1
       0
       2
       0
       0
       1
       2
       1
       2
       2
       3
       2
       0
       0
       0
       0
       1
       0
       3
       2
       1
       0
       1
       2
       0
       2
       0
       0
       0
       3
       1
       2
       1
       0
       0
       2
       0
       1
       0
       1
       4
       1
       1
       1
       1
       0
       1
       2
       5
       0
       1
       0
       2
       2
       2
       1
       1
       1
       1
       0
       0
       1
       0
       0
       0
       0
       1
       3
       1
       4
       2
       7
       2
       1
       0
       4
       0
       1
       1
       0
       1
       0
       1
       0
       2
       1
       0
       3
       2
       0
       3
       2
       0
       1
       2
       0
       0
       1
       2
       0
       1
       2
       0
       1
       0
       0
       1
       3
       2
       1
       0
       1
       1
       1
       1
       0
       0
       1
       1
       1
       1
       1
       0
       2
       1
       2
       0
       0
       1
       0
       1
       0
       1
       0
       0
       3
       0
       4
       2
       2
       1
       2
       0
       1
       0
       0
       1
       1
       2
       0
       1
       0
       2
       0
       0
       1
       2
       1
       1
       2
       2
       1
       0
       2
       0
       1
       0
       2
       0
       2
       1
       2
       0
       0
       2
       2
       1
       1
       3
       0
       1
       1
       2
       2
       2
       1
       2
       5
       0
       0
       0
       0
       0
       1
       0
       1
       0
       0
       3
       0
       4
       1
       1
       1
       1
       1
       2
       3
       1
       1
       4
       2
       1
       1
       0
       3
       2
       1
       1
       0
       2
       0
       1
       0
       0
       2
       1
       1
       2
       1
       3
       3
       0
       2
       1
       1
       1
       1
       2
       2
       1
       0
       1
       2
       0
       4
       1
       0
       3
       2
       1
       1
       2
       3
       0
       1
       1
       5
       0
       1
       0
       4
       1
       1
       3
       3
       2
       2
       4
       1
       1
       1
       4
       1
       0
       1
       0
       3
       1
       3
       1
       2
       0
       0
       1
       2
       4
       2
       3
       1
       2
       1
       3
       1
       4
       4
       1
       1
       0
       2
       3
       2
       2
       3
       2
       7
       1
       1
       3
       4
       3
       2
       2
       3
       1
       3
       3
       4
       3
       4
       2
       1
       2
       5
       1
       1
       0
       1
       2
       3
       2
       6
       2
       4
       3
       3
       6
       4
       2
       3
       5
       1
       3
       4
       1
       2
       5
       2
       5
       3
       1
       4
       2
       3
       3
       3
       6
       4
       2
       1
       0
       6
       1
       2
       3
       3
       4
       3
       0
       7
       4
       7
       4
       4
       4
       2
       2
       4
       7
       4
       6
       8
       3
       4
       4
       5
       6
       4
       4
       1
       5
       3
       4
       3
       4
       8
       2
       1
       0
       3
       3
       6
       5
       2
       6
       8
       6
       4
       8
       6
       8
       9
       4
       8
       5
       5
       4
       5
       6
      10
       8
       5
       9
       5
       9
       9
       7
       9
       8
       8
       8
       9
       5
      12
       9
       6
       7
       6
       6
       9
       9
      11
      14
      15
      16
      15
       7
      13
      11
      10
       9
      13
      19
      11
      19
      15
      12
       9
      11
      13
      12
      21
      18
      18
      26
      17
      16
      22
      15
      22
      23
      25
      22
      26
      24
      25
      24
      24
      30
      30
      23
      37
      29
      30
      26
      30
      30
      28
      39
      25
      26
      37
      39
      27
      43
      30
      43
      42
      39
      52
      37
      48
      63
      53
      43
      46
      44
      59
      56
      47
      48
      56
      55
      68
      48
      40
      60
      45
      59
      52
      55
      61
      60
      71
      66
      63
      60
      70
      61
      73
      75
      69
      75
      82
      69
      65
      66
      80
      81
      77
      97
      74
      73
      73
      60
      59
      77
      66
      57
      82
      78
      78
      73
      71
      76
      69
      81
      64
      73
      79
      75
      77
      69
      94
      65
      72
      72
      81
      85
      65
      70
      76
      76
      77
      68
      89
      84
      71
      87
      81
      74
      87
      81
      78
      73
      85
      85
      91
      76
      79
      84
      76
      91
      95
      85
      85
      89
      83
      88
      87
      81
     102
      83
      82
      95
      86
      93
     104
     105
      79
     102
      86
      99
      82
      95
      81
      91
     111
      99
      79
     112
     114
      95
      81
      98
     105
     103
     102
      92
      98
      90
      86
      76
      85
      93
     100
     103
      97
     105
     105
     118
      71
      96
      96
     105
      96
     100
      91
      82
      98
      95
      87
     107
      90
      97
      89
      93
      82
     106
      89
      91
     100
     103
      72
     109
     105
     103
     105
      93
      95
     104
      89
     104
      98
     107
      91
     115
      94
     108
     106
     101
     108
      94
     107
      93
     116
     100
     128
     132
     126
     111
     122
     112
     116
     110
     130
      96
     116
     110
     123
     116
     120
     102
     114
     113
     114
     102
     123
     111
     121
     118
     124
     119
     131
     104
     106
     119
     113
     130
     120
     130
     124
     147
     130
     104
     134
     139
     114
     128
     123
     158
     128
     108
     114
     139
     131
     126
     133
     118
     127
     110
     111
     128
     128
     120
     120
     113
     129
     100
      95
      94
     117
      99
     100
     102
     109
      92
      99
      80
     104
      91
      81
      64
      80
      95
      81
      79
      98
      73
      69
      65
      70
      68
      68
      57
      55
      70
      63
      55
      68
      51
      56
      63
      56
      40
      51
      54
      57
      31
      31
      40
      36
      41
      32
      29
      28
      26
      25
      26
      15
      18
      21
      20
      17
      22
      12
      13
      17
      10
      12
       7
      11
      10
      10
       9
       6
      11
       5
       6
       2
       2
       5
       1
       4
       2
       1
       3
       6
       3
       1
       3
       2
       4
       0
       0
       0
       2
       0
       0
       0
       1
       0
       0
       0
       0
       0
       0
       0
       1
       0
       0
       1
       0
       2
       0
       1
       1
       0
       1
       1
       0
       0
       0
       0
       0
       3
       2
       0
       0
       0
       0
       0
       0
       0
       0
       0
       1
       0
       0
       0
       0
       0
       0
       0
       0
       0
       1
       2
       0
       1
       0
       0
       0
       1
       0
       0
       0
       0
       0
       0
       0
       0
       0
       1
       0
       0
       0
       0
       0
       0
       0
       0
       0
       0
       0
       0
       0
       0
       0
       0
       1
       0
       1
       0
       0
       0
       0
       0
       1
       0
       0
       0
       0
       1
       0
       0
       0
       0
       0
       0
       0
       0
       0
       0
       0
       0
       0
       0
       1
       0
       0
       0
       0
       0
       0
       0
       0
       0
       0
       0
       0
       0
       0
       0
       0
       0
       0
       0
       0
       0
       0
       0
       0
       1
       0
       0
       1
       0
       1
       0
       0
       1
       0
       0
       0
       0
       0
       0
       0
       0
       0
       0
       1
       0
       1
       0
       0
       0
       0
       1
       0
       0
       0
       0
       0
       0
       0
       0
       0
       0
       1
       0
       0
       0
       1
       0
       0
       0
       0
       0
       0
       0
       0
       1
       0
       0
       0
       0
       0
       0
       0
       0
       0
       0
       0
       0
       1
       0
       0
       0
       0
       0
       0
       1
       0
       0
       0
       1
       0
       0
       0
       0
       1
       0
       0
       1
       0
       0
       0
       1
       0
       0
       0
       0
       0
       0
       0
       0
       0
       0
       1
       1
       0
       0
       0
       0
       1
       0
       0
       0
       0
       0
       0
       1
       0
       0
       1
       1
       0
       0
       0
       0
       4
       0
       0
       0
       0
       0
       0
       0
       0
       0
       0
       0
       0
       0
       0
       0
       1
       0
       0
       0
       0
       0
       0
       0
       0
       0
       0
       0
       0
       0
       0
       0
       0
       0
       1
       1
       0
       0
       1
       0
       0
       0
       1
       0
       0
       1
       0
       0
       1
       0
       0
       1
       4
       1
       1
       1
       0
       0
       0
       0
       0
       0
       0
       0
       0
       0
       0
       0
       0
       0
       0
       0
       0
       1
       0
       0
       0
       0
       1
       0
       0
       0
       0
       1
       0
       0
       3
       1
       0
       0
       1
       0
       1
       1
       0
       0
       2
       1
       0
       0
       0
       0
       0
       1
       0
       0
       0
       0
       0
       1
       0
       0
       0
       0
       0
       0
       0
       0
       0
       0
       0
       0
       2
       0
       0
       0
       0
       0
       0
       1
       0
       1
       2
       0
       0
       1
       0
       0
       0
       0
       1
       0
       0
       1
       0
       0
       1
       0
       0
       0
       2
       1
       0
       0
       0
       0
       0
       1
       0
       0
       0
       0
       0
       0
       0
       2
       0
       1
       2
       1
       0
       0
       2
       0
       0
       0
       1
       1
       1
       0
       2
       1
       0
       0
       0
       0
       0
       0
       1
       0
       0
       1
       1
       1
       0
       2
       0
       1
       0
       0
       0
       0
       0
       0
       2
       0
       2
       0
       1
       0
       0
       0
       0
       1
       2
       0
       0
       0
       1
       0
       0
       0
       0
       3
       0
       2
       0
       2
       1
       1
       0
       1
       0
       1
       1
       1
       1
       0
       1
       1
       0
       1
       0
       0
       1
       1
       0
       1
       0
       0
       0
       1
       0
       0
       0
       1
       1
       0
       1
       0
       0
       4
       1
       1
       0
       1
       0
       1
       1
       0
       0
       0
       1
       0
       1
       0
       0
       1
       0
       0
       0
       0
       0
       1
       0
       0
       0
       0
       0
       1
       0
       2
       1
       1
       1
       0
       0
       0
       1
       1
       3
       3
       0
       2
       0
       0
       0
       1
       1
       1
       1
       4
       1
       1
       1
       1
       1
       3
       0
       2
       1
       0
       0
       0
       0
       1
       1
       1
       1
       1
       2
       0
       1
       2
       1
       0
       1
       1
       1
       0
       0
       0
       0
       1
       3
       1
       1
       0
       0
       1
       3
       1
       2
       1
       0
       1
       1
       1
       1
       2
       0
       0
       0
       0
       0
       2
       1
       1
       3
       2
       2
       1
       0
       0
       0
       1
       1
       0
       1
       0
       0
       1
       0
       0
       2
       1
       2
       2
       2
       0
       1
       2
       1
       1
       0
       0
       1
       1
       2
       3
       0
       1
       0
       1
       3
       0
       1
       1
       1
       2
       1
       0
       0
       1
       0
       0
       0
       0
       3
       0
       0
       0
       1
       1
       0
       1
       0
       0
       0
       0
       0
       1
       0
       1
       0
       0
       0
       0
       0
       0
       1
       0
       0
       0
       0
       1
       0
       0
       0
       0
       0
       0
       0
       0
       0
       0
       0
       0
       0
       0
       0
       0
       0
       0
       0
       0
       0
       0
       0
       0
       0
       0
       0
       0
       0
       0
       0
       0
       0
       0
       0
       0
       0
       0
       0
       0
       0
       0
       0
       0
       0
       0
       0
       0
       0
       0
       0
       0
       0
       0
       0
       0
       0
       0
       0
       0
       0
       0
       0
       0
       0
       0
       0
       0
       0
       0
       0
       0
       0
       0
       0
       0
       0
       0
       0
       0
       0
       0
       0
       0
       0
       0
       0
       0
       0
       0
       0
       0
       0
       0
       0
       0
       0
       0
       0
       0
       0
       0
       0
       0
       0
       0
       0
       0
       0
       0
       0
       0
       0
       0
       0
       0
       0
       0
       0
       0
       0
       0
       0
       0
       0
       0
       0
       0
       0
       0
       0
       0
       0
       0
       0
       0
       0
       0
       0
       0
       0
       0
       0
       0
       0
       0
       0
       0
       0
       0
       0
       0
       0
       0
       0
       0
       0
       0
       0
       0
       0
       0
       0
       0
       0
       0
       0
       0
       0
       0
       0
       0
       0
       0
       0
       0
       0
       0
       0
       0
       0
       0
       0
       0
       0
       0
       0
       0
       0
       0
       0
       0
       0
       0
       0
       0
       0
       0
       0
       0
       0
       0
       0
       0
       0
       0
       0
       0
       0
       0
       0
       0
       0
       0
       0
       0
       0
       0
       0
       0
       0
       0
       0
       0
       0
       0
       0
       0
       0
       0
       0
       0
       0
       0
       0
       0
       0
       0
       0
       0
       0
       0
       0
       0
       0
       0
       0
       0
       0
       0
       0
       0
       0
       0
       0
       0
       0
       0
       0
       0
       0
       0
       0
       0
       0
       0
       0
       0
       0
       0
       0
       0
       0
       0
       0
       0
       0
       0
       0
       0
       0
       0
       0
       0
       0
       0
       0
       0
       0
       0
       0
       0
       0
       0
       0
       0
       0
       0
       0
       0
       0
       0
       0
       0
       0
       0
       0
       0
       0
       0
       0
       0
       0
       0
       0
       0
       0
       0
       0
       0
       0
       0
       0
       0
       0
       0
       0
       0
       0
       0
       0
       0
       0
       0
       0
       0
       0
       0
       0
       0
       0
       0
       0
       0
       0
       0
       0
       0
       0
       0
       0
       0
       0
       0
       0
       0
       0
       0
       0
       0
       0
       0
       0
       0
       0
       0
       0
       0
       0
       0
       0
       0
       0
       0
       0
       0
       0
       0
       0
       0
       0
       0
       0
       0
       0
       0
       0
       0
       0
       0
       0
       0
       0
$ROI:
0
$PRESETS:
Live Time
10000
0
$ENER_FIT:
0.000000 0.003445
$MCA_CAL:
3
0.000000E+000 3.444600E-003 0.000000E+000 MeV
$SHAPE_CAL:
3
2.068544E+001 0.000000E+000 0.000000E+000
