$SPEC_ID:
No sample description was entered.
$SPEC_REM:
DET# 1
DETDESC# E-C11SRPLAB223 MCB 129
AP# Maestro Version 7.01
$DATE_MEA:
02/19/2026 12:51:11
$MEAS_TIM:
359 361
$DATA:
0 2047
       0
       0
       0
       0
       0
       0
       0
       0
       0
       0
       0
       0
       0
       0
       0
       0
       0
       0
       0
       0
       0
       0
       0
       0
       0
       0
       0
       0
       0
       0
       0
       0
       0
       0
       0
       0
       0
       0
     133
     502
     435
     248
     181
     114
      91
      44
      38
      26
      20
       9
       8
       4
       2
       1
       1
       0
       1
       1
       0
       1
       4
       0
       2
       3
       0
       4
       0
       2
       0
       0
       2
       3
       1
       3
       0
       1
       0
       0
       1
       0
       5
       0
       2
       0
       0
       0
       1
       1
       1
       2
       1
       1
       0
       1
       0
       1
       1
       0
       0
       1
       1
       0
       0
       0
       1
       1
       2
       1
       0
       2
       1
       0
       3
       2
       0
       0
       3
       0
       0
       1
       1
       0
       4
       2
       3
       0
       0
       0
       0
       1
       1
       2
       2
       3
       2
       0
       1
       1
       1
       0
       1
       0
       1
       4
       2
       0
       1
       0
       2
       1
       2
       0
       1
       1
       0
       1
       0
       0
       2
       1
       2
       0
       1
       3
       2
       2
       1
       3
       3
       0
       1
       2
       3
       1
       0
       1
       0
       1
       2
       2
       0
       0
       1
       1
       1
       0
       3
       1
       2
       0
       2
       0
       1
       0
       1
       1
       1
       0
       0
       0
       0
       1
       0
       1
       0
       1
       1
       0
       0
       0
       1
       2
       1
       0
       2
       0
       0
       0
       3
       4
       0
       2
       3
       0
       1
       0
       0
       3
       1
       0
       0
       1
       0
       0
       0
       2
       1
       2
       0
       0
       0
       0
       1
       1
       1
       0
       0
       0
       1
       1
       2
       0
       2
       0
       1
       1
       1
       0
       1
       0
       1
       0
       0
       0
       0
       2
       2
       2
       0
       1
       1
       1
       0
       1
       0
       0
       0
       0
       4
       0
       0
       4
       1
       3
       0
       1
       3
       0
       1
       0
       2
       0
       0
       3
       1
       4
       1
       0
       1
       3
       0
       2
       0
       1
       2
       2
       1
       1
       1
       1
       0
       0
       2
       2
       1
       1
       1
       2
       2
       2
       0
       1
       1
       1
       0
       1
       2
       2
       2
       0
       0
       1
       1
       2
       1
       3
       4
       2
       1
       2
       1
       3
       0
       1
       1
       0
       0
       1
       3
       1
       2
       1
       1
       1
       0
       2
       0
       1
       1
       0
       1
       0
       1
       4
       2
       1
       2
       2
       0
       2
       3
       2
       1
       1
       2
       1
       1
       1
       1
       0
       3
       1
       1
       0
       1
       4
       1
       1
       4
       0
       1
       2
       1
       2
       3
       3
       3
       3
       2
       5
       1
       2
       3
       1
       3
       3
       2
       1
       5
       2
       1
       0
       1
       3
       1
       1
       3
       4
       2
       3
       3
       1
       3
       0
       2
       0
       3
       3
       0
       2
       2
       0
       0
       4
       5
       2
       1
       3
       4
       2
       4
       1
       1
       1
       3
       2
       4
       1
       3
       3
       2
       1
       4
       6
       2
       1
       1
       0
       2
       3
       5
       3
       5
       4
      10
       3
       4
       3
       3
       5
       3
       4
       2
       0
       5
       6
       2
       3
       4
       3
       1
       7
       6
       2
       6
       4
       3
       2
       3
       3
       3
       2
       6
       3
       6
       7
       3
       5
       2
       6
       4
       2
      11
       3
       2
       6
       7
       5
       6
       5
       8
       1
       3
       3
       8
       3
       8
       5
       7
       8
       6
       7
       3
       2
       4
       1
       5
       4
       5
       6
      10
       7
       5
       8
       4
       7
      10
       9
       5
       4
      15
       4
      15
      11
       3
       8
       5
      11
      14
       3
       4
       8
      11
       7
       8
       9
       7
      10
      12
      15
      11
      12
       5
      12
       5
      11
      13
      11
      13
      13
      11
      18
      13
      14
      18
      17
      15
      18
      27
      14
      24
      19
      27
      18
      22
      15
      15
      19
      16
      32
      27
      23
      35
      28
      30
      27
      32
      26
      26
      39
      36
      28
      44
      34
      24
      46
      39
      40
      38
      37
      37
      42
      25
      45
      42
      45
      47
      39
      47
      42
      37
      36
      46
      40
      47
      58
      62
      48
      50
      60
      63
      64
      54
      43
      50
      61
      43
      52
      69
      59
      58
      51
      46
      68
      59
      53
      80
      48
      61
      52
      73
      64
      53
      80
      71
      60
      48
      70
      64
      73
      70
      78
      71
      59
      73
      73
      62
      65
      62
      66
      54
      77
      55
      75
      74
      64
      88
      72
      62
      63
      80
      71
      59
      67
      92
      69
      79
      69
      79
      75
      96
      90
      79
      85
      69
      94
      65
      80
      84
      87
      88
      83
      72
      79
      78
      73
      87
      76
      89
      93
      79
      79
      90
      94
      88
      78
      79
      78
      88
      95
      88
      86
      88
      87
     101
     100
     108
      87
     100
      86
      81
      77
      86
      88
      91
     101
      88
     102
      79
      80
      72
     104
      84
      93
      79
      85
      98
      98
     114
      92
      91
      87
      91
      77
      96
      76
     106
      82
      98
      95
     114
      91
      81
     104
     103
      88
     112
     102
      91
      96
     107
      77
      97
      95
      98
     115
      93
     117
      93
      88
      87
     110
     113
      96
      87
     102
     101
     104
      90
     105
      92
      93
      97
     117
      91
     106
      83
     105
      92
      93
     129
     120
     101
      91
     126
     106
      96
     118
      97
     126
     121
     133
     119
      95
     117
     103
     107
     109
     113
     107
     123
     104
     127
     110
     120
     127
     123
     134
     137
     127
     102
     129
     129
     123
     119
     123
     134
     114
     115
     118
     112
     120
     113
     126
     131
     131
     128
     132
     115
     125
     101
     130
     117
     122
     132
     109
     110
     128
     109
     125
     113
     117
     116
     112
     114
     111
     118
      99
     105
     113
      97
     100
      95
      90
      93
      88
     101
      89
      94
      89
      67
      80
      75
      94
      79
      96
      70
      73
      58
      75
      61
      63
      69
      70
      67
      48
      52
      61
      58
      45
      50
      47
      39
      38
      39
      40
      32
      30
      39
      29
      27
      29
      25
      20
      27
      22
      25
      16
      19
      23
      15
      13
      12
      19
      15
      13
       8
      15
      15
       9
      12
       8
       7
       6
       8
       6
       7
       3
       2
       3
       4
       0
       2
       2
       1
       0
       2
       3
       0
       0
       1
       2
       0
       0
       1
       0
       1
       0
       1
       0
       0
       0
       0
       1
       0
       0
       0
       0
       1
       0
       0
       0
       0
       0
       0
       0
       0
       0
       0
       0
       0
       0
       0
       2
       0
       0
       0
       1
       0
       0
       0
       0
       1
       0
       0
       0
       0
       0
       0
       0
       1
       0
       0
       0
       1
       0
       0
       0
       0
       0
       0
       0
       0
       0
       0
       0
       0
       0
       0
       0
       0
       0
       0
       0
       0
       0
       0
       0
       1
       0
       0
       0
       0
       0
       1
       0
       0
       0
       0
       0
       1
       0
       0
       0
       0
       1
       0
       0
       0
       0
       1
       0
       0
       0
       0
       1
       0
       1
       0
       0
       0
       0
       0
       0
       0
       0
       0
       0
       0
       0
       0
       0
       0
       0
       0
       0
       1
       0
       0
       0
       0
       0
       0
       0
       0
       0
       0
       0
       1
       0
       0
       0
       0
       0
       0
       0
       0
       0
       0
       0
       0
       0
       0
       0
       0
       0
       0
       1
       0
       1
       0
       0
       0
       0
       0
       1
       1
       0
       0
       0
       1
       0
       0
       0
       0
       0
       2
       1
       0
       0
       0
       0
       0
       0
       0
       0
       0
       0
       0
       0
       0
       0
       0
       1
       1
       0
       0
       1
       0
       0
       0
       0
       0
       0
       0
       0
       0
       0
       0
       0
       0
       0
       1
       0
       1
       0
       1
       0
       1
       0
       0
       0
       0
       0
       0
       1
       0
       0
       0
       2
       0
       0
       0
       0
       1
       1
       0
       1
       0
       0
       0
       0
       0
       0
       0
       0
       0
       1
       0
       0
       0
       0
       0
       0
       1
       0
       0
       1
       0
       0
       0
       0
       0
       0
       1
       0
       0
       0
       0
       0
       0
       0
       0
       0
       1
       0
       0
       0
       0
       1
       0
       1
       0
       1
       0
       0
       0
       1
       0
       2
       0
       0
       0
       0
       0
       0
       0
       0
       0
       0
       1
       0
       0
       1
       0
       0
       1
       0
       1
       1
       0
       1
       1
       1
       1
       1
       0
       1
       0
       0
       0
       0
       0
       0
       0
       1
       1
       0
       0
       0
       0
       0
       0
       0
       0
       1
       0
       0
       0
       1
       0
       0
       1
       0
       0
       1
       0
       0
       0
       0
       0
       0
       0
       0
       0
       0
       0
       1
       0
       1
       0
       0
       0
       0
       0
       2
       0
       0
       1
       0
       0
       0
       0
       2
       0
       0
       0
       0
       0
       0
       0
       1
       0
       1
       0
       0
       0
       0
       0
       0
       0
       1
       1
       1
       0
       1
       0
       0
       1
       0
       0
       0
       0
       1
       0
       0
       0
       0
       0
       1
       1
       0
       0
       1
       2
       1
       0
       0
       1
       0
       0
       0
       1
       0
       1
       1
       2
       0
       0
       0
       2
       0
       1
       0
       0
       1
       0
       0
       2
       0
       0
       0
       3
       0
       2
       1
       0
       0
       0
       2
       1
       0
       1
       0
       0
       0
       0
       1
       0
       0
       0
       1
       0
       1
       0
       1
       0
       1
       0
       2
       1
       0
       2
       3
       1
       0
       0
       0
       0
       0
       1
       0
       0
       0
       0
       0
       1
       1
       0
       0
       0
       1
       2
       0
       1
       1
       1
       0
       0
       0
       1
       2
       3
       1
       1
       0
       1
       0
       0
       1
       1
       2
       0
       2
       0
       1
       1
       1
       1
       0
       0
       1
       0
       2
       1
       0
       1
       0
       0
       1
       1
       1
       1
       1
       2
       0
       1
       0
       0
       0
       2
       1
       1
       0
       0
       0
       0
       0
       0
       1
       0
       3
       1
       1
       1
       1
       0
       0
       1
       0
       0
       0
       0
       0
       1
       1
       1
       1
       2
       2
       0
       0
       0
       0
       1
       1
       1
       1
       2
       2
       4
       1
       1
       0
       0
       0
       0
       0
       0
       2
       0
       1
       0
       1
       0
       1
       1
       0
       0
       1
       1
       0
       1
       2
       0
       1
       2
       2
       0
       0
       0
       0
       3
       0
       1
       0
       3
       1
       0
       0
       2
       0
       2
       1
       0
       0
       1
       2
       1
       0
       1
       1
       2
       1
       0
       1
       0
       0
       2
       1
       1
       0
       1
       1
       2
       1
       0
       0
       1
       1
       1
       1
       3
       0
       0
       0
       0
       0
       0
       2
       0
       0
       2
       0
       1
       2
       1
       1
       2
       0
       0
       1
       0
       1
       1
       0
       0
       0
       1
       1
       1
       0
       2
       2
       0
       1
       0
       0
       0
       0
       0
       1
       2
       0
       0
       0
       1
       0
       0
       0
       0
       0
       0
       0
       0
       0
       0
       0
       0
       0
       0
       0
       0
       0
       0
       0
       0
       0
       0
       0
       0
       0
       0
       0
       0
       0
       0
       0
       0
       0
       0
       0
       0
       0
       0
       0
       0
       0
       0
       0
       0
       0
       0
       0
       0
       0
       0
       0
       0
       0
       0
       0
       0
       0
       0
       0
       0
       0
       0
       0
       0
       0
       0
       0
       0
       0
       0
       0
       0
       0
       0
       0
       0
       0
       0
       0
       0
       0
       0
       0
       0
       0
       0
       0
       0
       0
       0
       0
       0
       0
       0
       0
       0
       0
       0
       0
       0
       0
       0
       0
       0
       0
       0
       0
       0
       0
       0
       0
       0
       0
       0
       0
       0
       0
       0
       0
       0
       0
       0
       0
       0
       0
       0
       0
       0
       0
       0
       0
       0
       0
       0
       0
       0
       0
       0
       0
       0
       0
       0
       0
       0
       0
       0
       0
       0
       0
       0
       0
       0
       0
       0
       0
       0
       0
       0
       0
       0
       0
       0
       0
       0
       0
       0
       0
       0
       0
       0
       0
       0
       0
       0
       0
       0
       0
       0
       0
       0
       0
       0
       0
       0
       0
       0
       0
       0
       0
       0
       0
       0
       0
       0
       0
       0
       0
       0
       0
       0
       0
       0
       0
       0
       0
       0
       0
       0
       0
       0
       0
       0
       0
       0
       0
       0
       0
       0
       0
       0
       0
       0
       0
       0
       0
       0
       0
       0
       0
       0
       0
       0
       0
       0
       0
       0
       0
       0
       0
       0
       0
       0
       0
       0
       0
       0
       0
       0
       0
       0
       0
       0
       0
       0
       0
       0
       0
       0
       0
       0
       0
       0
       0
       0
       0
       0
       0
       0
       0
       0
       0
       0
       0
       0
       0
       0
       0
       0
       0
       0
       0
       0
       0
       0
       0
       0
       0
       0
       0
       0
       0
       0
       0
       0
       0
       0
       0
       0
       0
       0
       0
       0
       0
       0
       0
       0
       0
       0
       0
       0
       0
       0
       0
       0
       0
       0
       0
       0
       0
       0
       0
       0
       0
       0
       0
       0
       0
       0
       0
       0
       0
       0
       0
       0
       0
       0
       0
       0
       0
       0
       0
       0
       0
       0
       0
       0
       0
       0
       0
       0
       0
       0
       0
       0
       0
       0
       0
       0
       0
       0
       0
       0
       0
       0
       0
       0
       0
       0
       0
       0
       0
       0
       0
       0
       0
       0
       0
       0
       0
       0
       0
       0
       0
       0
       0
       0
       0
       0
       0
       0
       0
       0
       0
       0
       0
       0
       0
       0
       0
       0
       0
$ROI:
0
$PRESETS:
Live Time
10000
0
$ENER_FIT:
0.000000 0.003445
$MCA_CAL:
3
0.000000E+000 3.444600E-003 0.000000E+000 MeV
$SHAPE_CAL:
3
2.068544E+001 0.000000E+000 0.000000E+000
