$SPEC_ID:
No sample description was entered.
$SPEC_REM:
DET# 1
DETDESC# E-C11SRPLAB223 MCB 129
AP# Maestro Version 7.01
$DATE_MEA:
02/19/2026 14:01:49
$MEAS_TIM:
359 360
$DATA:
0 2047
       0
       0
       0
       0
       0
       0
       0
       0
       0
       0
       0
       0
       0
       0
       0
       0
       0
       0
       0
       0
       0
       0
       0
       0
       0
       0
       0
       0
       0
       0
       1
       0
       1
       0
       0
       0
       1
       0
      64
     159
     132
      93
      36
      20
      19
       8
       2
       1
       3
       0
       1
       1
       3
       1
       2
       1
       1
       3
       1
       1
       2
       1
       1
       1
       2
       0
       1
       1
       1
       2
       0
       2
       3
       4
       2
       0
       2
       0
       0
       2
       3
       0
       2
       1
       1
       3
       1
       1
       0
       1
       2
       2
       1
       0
       1
       0
       5
       0
       0
       0
       1
       2
       2
       1
       0
       1
       1
       1
       4
       0
       2
       2
       2
       0
       0
       0
       0
       0
       2
       0
       0
       1
       1
       0
       1
       0
       2
       3
       3
       1
       1
       0
       0
       1
       0
       0
       0
       1
       3
       1
       2
       2
       0
       1
       1
       1
       2
       0
       0
       3
       0
       2
       3
       1
       2
       2
       1
       1
       1
       1
       0
       1
       2
       1
       0
       2
       1
       2
       2
       1
       0
       0
       0
       1
       1
       3
       2
       1
       1
       1
       0
       1
       0
       2
       1
       1
       2
       1
       2
       1
       3
       3
       3
       0
       2
       0
       0
       1
       2
       0
       2
       3
       1
       1
       1
       2
       1
       1
       3
       2
       0
       4
       1
       3
       0
       0
       0
       1
       1
       4
       1
       0
       1
       0
       1
       3
       0
       2
       3
       2
       1
       2
       4
       2
       2
       1
       4
       2
       1
       1
       4
       2
       3
       3
       2
       0
       1
       1
       4
       2
       0
       3
       1
       1
       1
       3
       3
       3
       5
       1
       2
       1
       2
       1
       1
       3
       1
       2
       2
       4
       3
       6
       2
       1
       1
       0
       1
       2
       5
       4
       2
       1
       2
       2
       1
       4
       6
       1
       1
       3
       3
       3
       4
       1
       6
       1
       7
       2
       4
       3
       1
       2
       2
       1
       5
       3
       0
       3
       5
       3
       1
       3
       7
       4
       1
       1
       2
       3
       4
       1
       3
       3
       2
       7
       6
       2
       2
       2
       5
       5
       4
       6
       3
       1
       3
       4
       1
       4
       4
       5
       7
       2
       5
       1
       3
       3
       7
       5
       3
       6
       5
       5
       5
       3
       2
       3
       7
       7
       7
       3
       1
       6
       4
       4
       3
       5
       4
       8
       8
       8
       6
       5
       6
       5
       5
       4
       2
      10
       8
       6
       8
       7
       3
      10
       4
      13
       5
       8
       6
       5
      12
       8
       5
      10
       5
      13
      10
       5
      11
       6
      13
      11
       8
      13
      13
       9
      13
      10
       8
       9
      12
       9
       8
      10
      10
      20
       8
       8
      17
       8
      15
      14
      11
      15
      18
      15
      31
      19
      25
      27
      22
      21
      27
      25
      12
      24
      23
      20
      21
      28
      30
      28
      32
      36
      26
      31
      25
      39
      28
      20
      31
      45
      32
      39
      43
      39
      45
      47
      44
      33
      38
      47
      33
      43
      43
      52
      55
      39
      55
      46
      61
      43
      51
      57
      38
      49
      45
      60
      64
      59
      61
      50
      62
      55
      58
      55
      70
      56
      65
      63
      71
      77
      66
      63
      64
      77
      78
      61
      72
      65
      67
      72
      66
      69
      78
      65
      87
      67
      63
      63
      70
      81
      90
      68
      72
      82
      80
      91
      75
     101
      90
      99
      82
      84
      91
      82
      89
      79
      89
      94
      79
      86
     107
      92
      93
      85
      89
      84
      81
      85
      79
      67
      75
      87
      93
      83
      86
      98
      85
      83
      93
      88
      82
      96
      96
      99
      73
      98
      94
      88
      97
      95
      89
      69
      77
     103
      84
     105
      90
      81
      97
      87
      96
     108
      90
      97
      85
      94
      91
      94
      70
      89
      88
      87
      71
      79
      86
      93
      87
      72
      97
     106
      94
     101
      93
      74
      75
      77
      91
      80
      86
      98
      82
     107
      98
      94
      85
      86
      89
      95
      92
      88
      90
      90
      86
      85
      95
     101
      94
      65
      90
     101
      98
      91
      70
     100
     102
      89
      78
     100
     109
      85
      97
      85
      71
     102
     115
      85
     101
      84
      82
     112
      82
      95
      92
     104
      92
      84
      99
     106
      87
      91
      93
      95
      85
      81
     113
      96
      85
      76
     117
     105
     105
      99
     102
      94
     108
     111
     105
      77
     114
     103
      89
      85
     101
     105
     125
     100
     104
     112
     112
      89
      98
     115
      92
     101
     106
      99
     114
     100
      92
      99
     104
      99
      97
      91
      78
     118
     123
      85
      89
      93
      88
      94
     104
     107
      85
     102
      86
      91
      89
     100
      98
      81
      85
      75
      83
      80
      70
      66
      76
      84
      72
      88
      67
      73
      81
      62
      71
      62
      50
      78
      64
      64
      51
      71
      61
      54
      58
      62
      57
      50
      56
      65
      54
      54
      32
      47
      44
      49
      42
      30
      34
      41
      45
      26
      35
      21
      32
      22
      26
      22
      22
      21
      26
      22
      25
      16
      14
      21
      27
      21
      18
      16
      12
      12
      14
       9
      16
       9
       6
       4
       5
      10
      11
       9
       6
       4
       9
      10
       7
       8
       4
       4
       4
       2
       3
       6
       5
       4
       6
       1
       3
       1
       1
       1
       1
       1
       2
       1
       0
       1
       2
       1
       3
       2
       1
       5
       0
       1
       0
       1
       2
       2
       0
       4
       3
       3
       1
       2
       1
       2
       0
       0
       0
       1
       1
       0
       1
       4
       4
       3
       3
       6
       2
       1
       1
       1
       1
       1
       0
       1
       1
       1
       2
       0
       0
       0
       1
       2
       0
       1
       1
       0
       3
       2
       1
       0
       2
       1
       1
       0
       0
       0
       1
       0
       3
       1
       0
       1
       0
       0
       0
       0
       0
       0
       1
       0
       0
       0
       0
       0
       0
       0
       0
       0
       0
       0
       2
       0
       0
       0
       0
       1
       1
       0
       0
       0
       0
       0
       0
       1
       0
       0
       0
       0
       1
       0
       0
       0
       0
       1
       1
       0
       0
       0
       0
       0
       0
       0
       0
       0
       1
       0
       0
       0
       0
       0
       0
       0
       1
       0
       0
       0
       0
       0
       0
       0
       0
       0
       0
       0
       0
       0
       0
       0
       0
       1
       0
       1
       0
       0
       0
       0
       0
       0
       0
       0
       0
       0
       0
       0
       0
       0
       0
       0
       0
       0
       0
       1
       0
       0
       0
       0
       0
       0
       0
       0
       0
       1
       0
       0
       0
       0
       0
       0
       1
       0
       0
       0
       0
       0
       0
       0
       0
       0
       0
       0
       0
       0
       0
       0
       0
       0
       0
       1
       0
       0
       0
       0
       1
       0
       1
       0
       0
       0
       0
       0
       0
       0
       0
       0
       0
       0
       0
       0
       0
       0
       1
       1
       0
       1
       1
       0
       0
       0
       0
       0
       0
       0
       0
       1
       0
       0
       1
       0
       0
       0
       0
       1
       0
       0
       0
       0
       0
       0
       1
       0
       0
       0
       0
       0
       0
       0
       0
       0
       0
       0
       1
       0
       0
       0
       0
       0
       0
       1
       1
       0
       1
       0
       0
       0
       0
       0
       1
       0
       0
       0
       0
       0
       1
       0
       0
       0
       0
       0
       1
       0
       1
       0
       0
       0
       0
       0
       0
       1
       0
       0
       1
       0
       0
       0
       0
       0
       0
       0
       0
       0
       0
       0
       0
       0
       0
       0
       1
       0
       0
       0
       0
       0
       0
       0
       0
       1
       0
       0
       0
       0
       0
       0
       0
       0
       0
       0
       1
       0
       0
       0
       0
       0
       0
       0
       0
       0
       0
       0
       0
       1
       0
       0
       0
       0
       0
       1
       0
       0
       0
       0
       1
       1
       0
       0
       0
       0
       1
       0
       0
       0
       0
       1
       0
       1
       1
       0
       1
       0
       0
       0
       0
       0
       0
       0
       1
       0
       0
       0
       1
       0
       1
       0
       0
       0
       0
       1
       1
       0
       0
       1
       0
       0
       1
       0
       0
       0
       0
       0
       0
       0
       1
       1
       0
       2
       0
       0
       1
       0
       1
       2
       1
       0
       1
       0
       0
       0
       0
       0
       0
       0
       0
       1
       0
       0
       1
       0
       1
       0
       0
       0
       0
       0
       0
       0
       0
       0
       0
       0
       0
       2
       1
       1
       0
       0
       0
       0
       0
       0
       0
       0
       1
       0
       0
       0
       0
       0
       0
       1
       0
       0
       0
       0
       0
       0
       0
       0
       1
       0
       0
       0
       1
       2
       0
       0
       0
       1
       1
       0
       0
       0
       0
       0
       0
       0
       0
       0
       1
       0
       0
       0
       0
       0
       0
       0
       2
       0
       1
       1
       0
       0
       0
       0
       0
       0
       0
       1
       0
       0
       0
       1
       0
       0
       0
       1
       0
       1
       0
       1
       1
       0
       1
       0
       1
       0
       1
       0
       0
       0
       0
       1
       0
       1
       1
       0
       0
       0
       1
       0
       1
       0
       0
       1
       1
       0
       0
       0
       1
       0
       1
       1
       0
       0
       1
       1
       0
       0
       0
       0
       0
       0
       0
       0
       0
       0
       1
       1
       0
       0
       0
       0
       0
       0
       1
       1
       1
       0
       1
       1
       0
       0
       1
       0
       0
       1
       1
       0
       0
       0
       1
       1
       0
       3
       0
       1
       2
       0
       1
       0
       0
       0
       0
       1
       2
       1
       0
       1
       1
       3
       2
       1
       0
       0
       1
       0
       0
       0
       0
       1
       0
       0
       0
       0
       1
       0
       1
       0
       0
       1
       0
       0
       0
       0
       0
       1
       0
       0
       0
       1
       1
       0
       0
       0
       1
       0
       0
       0
       2
       0
       3
       0
       0
       1
       2
       0
       2
       1
       0
       0
       0
       0
       1
       0
       1
       0
       2
       0
       0
       0
       0
       1
       0
       1
       3
       0
       0
       0
       0
       0
       0
       0
       0
       0
       1
       1
       0
       0
       0
       0
       0
       2
       0
       0
       2
       1
       0
       1
       0
       0
       1
       1
       1
       2
       1
       1
       1
       0
       1
       1
       1
       0
       1
       1
       1
       0
       1
       0
       0
       0
       2
       0
       1
       0
       0
       1
       1
       0
       0
       0
       0
       1
       3
       1
       2
       2
       1
       0
       2
       2
       1
       0
       1
       3
       1
       0
       0
       0
       0
       0
       1
       1
       0
       1
       0
       1
       1
       1
       2
       1
       0
       0
       0
       1
       0
       0
       0
       0
       2
       0
       1
       0
       1
       0
       1
       0
       1
       0
       0
       0
       1
       2
       1
       0
       0
       0
       0
       1
       2
       1
       1
       2
       0
       1
       0
       1
       0
       0
       0
       0
       1
       0
       0
       0
       0
       0
       0
       0
       0
       0
       0
       0
       1
       1
       0
       0
       0
       0
       0
       2
       0
       0
       0
       0
       0
       0
       0
       0
       0
       0
       0
       0
       0
       0
       0
       0
       0
       0
       0
       0
       0
       0
       0
       0
       0
       0
       0
       0
       0
       0
       0
       0
       0
       0
       0
       0
       0
       0
       0
       0
       0
       0
       0
       0
       0
       0
       0
       0
       0
       0
       0
       0
       0
       0
       0
       0
       0
       0
       0
       0
       0
       0
       0
       0
       0
       0
       0
       0
       0
       0
       0
       0
       0
       0
       0
       0
       0
       0
       0
       0
       0
       0
       0
       0
       0
       0
       0
       0
       0
       0
       0
       0
       0
       0
       0
       0
       0
       0
       0
       0
       0
       0
       0
       0
       0
       0
       0
       0
       0
       0
       0
       0
       0
       0
       0
       0
       0
       0
       0
       0
       0
       0
       0
       0
       0
       0
       0
       0
       0
       0
       0
       0
       0
       0
       0
       0
       0
       0
       0
       0
       0
       0
       0
       0
       0
       0
       0
       0
       0
       0
       0
       0
       0
       0
       0
       0
       0
       0
       0
       0
       0
       0
       0
       0
       0
       0
       0
       0
       0
       0
       0
       0
       0
       0
       0
       0
       0
       0
       0
       0
       0
       0
       0
       0
       0
       0
       0
       0
       0
       0
       0
       0
       0
       0
       0
       0
       0
       0
       0
       0
       0
       0
       0
       0
       0
       0
       0
       0
       0
       0
       0
       0
       0
       0
       0
       0
       0
       0
       0
       0
       0
       0
       0
       0
       0
       0
       0
       0
       0
       0
       0
       0
       0
       0
       0
       0
       0
       0
       0
       0
       0
       0
       0
       0
       0
       0
       0
       0
       0
       0
       0
       0
       0
       0
       0
       0
       0
       0
       0
       0
       0
       0
       0
       0
       0
       0
       0
       0
       0
       0
       0
       0
       0
       0
       0
       0
       0
       0
       0
       0
       0
       0
       0
       0
       0
       0
       0
       0
       0
       0
       0
       0
       0
       0
       0
       0
       0
       0
       0
       0
       0
       0
       0
       0
       0
       0
       0
       0
       0
       0
       0
       0
       0
       0
       0
       0
       0
       0
       0
       0
       0
       0
       0
       0
       0
       0
       0
       0
       0
       0
       0
       0
       0
       0
       0
       0
       0
       0
       0
       0
       0
       0
       0
       0
       0
       0
       0
       0
       0
       0
       0
       0
       0
       0
       0
       0
       0
       0
       0
       0
       0
       0
       0
       0
       0
       0
       0
       0
       0
       0
       0
       0
       0
       0
       0
       0
       0
       0
       0
       0
       0
       0
       0
       0
       0
       0
       0
       0
       0
       0
       0
       0
       0
       0
       0
       0
       0
       0
       0
       0
       0
       0
$ROI:
0
$PRESETS:
Live Time
10000
0
$ENER_FIT:
0.000000 0.003445
$MCA_CAL:
3
0.000000E+000 3.444600E-003 0.000000E+000 MeV
$SHAPE_CAL:
3
2.068544E+001 0.000000E+000 0.000000E+000
