$SPEC_ID:
No sample description was entered.
$SPEC_REM:
DET# 1
DETDESC# E-C11SRPLAB223 MCB 129
AP# Maestro Version 7.01
$DATE_MEA:
02/19/2026 14:08:01
$MEAS_TIM:
356 358
$DATA:
0 2047
       0
       0
       0
       0
       0
       0
       0
       0
       0
       0
       0
       0
       0
       0
       0
       0
       0
       0
       0
       0
       0
       0
       0
       0
       0
       0
       0
       0
       0
       0
       0
       0
       0
       0
       0
       0
       0
       0
     316
    2172
    2051
    1565
    1199
     989
     660
     512
     386
     272
     182
     103
      90
      45
      42
      12
      10
      10
       3
       5
       1
       1
       4
       0
       1
       1
       1
       2
       2
       2
       1
       0
       5
       1
       0
       1
       2
       0
       1
       1
       1
       1
       2
       1
       1
       2
       1
       1
       2
       1
       0
       2
       2
       0
       0
       1
       2
       0
       0
       2
       2
       3
       0
       0
       0
       0
       1
       1
       0
       1
       2
       2
       2
       1
       0
       1
       0
       0
       2
       0
       0
       0
       1
       0
       2
       0
       3
       0
       2
       0
       1
       2
       1
       0
       2
       1
       1
       1
       3
       0
       2
       1
       0
       0
       0
       1
       1
       1
       0
       2
       1
       1
       2
       0
       2
       1
       2
       3
       2
       2
       1
       2
       1
       1
       3
       1
       1
       2
       1
       2
       0
       0
       1
       0
       1
       1
       1
       3
       2
       1
       0
       1
       2
       2
       1
       0
       2
       1
       0
       2
       3
       0
       1
       1
       0
       1
       4
       2
       0
       1
       3
       2
       1
       0
       3
       2
       1
       3
       1
       3
       0
       0
       1
       1
       1
       3
       2
       1
       2
       1
       0
       2
       3
       0
       1
       3
       2
       0
       1
       1
       5
       1
       1
       1
       0
       0
       2
       3
       3
       3
       2
       0
       2
       0
       2
       3
       2
       3
       1
       2
       3
       2
       2
       4
       1
       3
       2
       1
       0
       3
       1
       2
       2
       0
       1
       0
       3
       5
       1
       2
       2
       2
       1
       1
       1
       1
       2
       3
       5
       6
       6
       3
       2
       3
       1
       4
       2
       1
       3
       4
       2
       1
       4
       5
       3
       2
       7
       2
       3
       2
       1
       2
       1
       3
       0
       1
       4
       2
       3
       2
       1
       3
       2
       2
       2
       3
       4
       3
       3
       0
       0
       2
       2
       3
       4
       2
       3
       3
       4
       2
       2
       5
       2
       5
       9
       2
       3
       4
       6
       2
       2
       2
       5
       2
       3
       6
       2
       2
       2
       5
       4
       4
       1
       5
       2
       1
       5
       4
       6
       3
       5
       3
       3
       6
       5
       4
       7
       7
       7
       5
       2
       9
       6
       6
       8
       1
       8
       5
       8
       5
       4
       7
       4
      13
       5
       6
      13
       9
       7
       8
       8
       6
       7
       5
       6
      10
       6
       7
       8
      10
       6
      10
       9
       6
       6
       9
      11
       9
      10
      12
      10
      16
      18
      15
       6
      13
      15
       5
      19
      17
      23
      19
      17
       8
      19
      18
       5
      26
      15
      13
      20
      15
      19
      23
      15
      18
      19
      27
      26
      20
      24
      32
      28
      25
      33
      27
      29
      27
      21
      30
      32
      25
      31
      31
      44
      35
      35
      40
      45
      36
      37
      43
      35
      49
      35
      44
      47
      33
      39
      49
      28
      53
      51
      42
      33
      57
      58
      55
      78
      57
      55
      62
      56
      62
      47
      69
      64
      65
      64
      82
      58
      58
      68
      77
      75
      55
      58
      78
      72
      67
      60
      72
      69
      67
      62
      69
      82
      82
      65
      80
      75
      76
      81
      87
      92
      88
      73
      79
      76
      80
      76
      70
      63
      80
      72
      83
      76
      79
      78
     104
      90
      84
      74
      92
      83
      68
      88
      69
      75
      82
      86
      97
      92
      78
      83
      81
      91
      87
      93
      87
      83
      79
      85
      78
      74
      84
      89
      85
      74
      79
      98
      88
      94
      82
      84
     100
      97
     100
      87
     106
      90
      91
     101
     104
     103
      87
      85
      83
      75
      96
      91
      96
      96
      86
     102
     100
      94
      93
      98
      94
      96
      85
      73
      91
     100
      90
      87
      84
      79
      91
      84
      62
      72
     105
      88
      71
      92
      82
      80
      93
     101
      88
      92
      92
      89
     100
      78
      85
      87
      77
      94
      95
     113
      98
      80
     107
      91
      86
      65
      85
     101
     104
      89
      80
      75
      92
     102
      98
      98
      91
      88
      88
      94
      96
      81
      76
      78
     100
     105
      94
     101
      86
      97
     118
      93
      79
      99
     100
      98
     110
     111
     115
      97
     108
     106
      98
      98
     101
     109
     101
     105
     108
     116
     123
     133
     114
      91
      77
     102
     109
     116
      97
      84
     111
     105
     109
     114
     103
     102
     122
     117
      82
     102
     116
      98
     103
      96
     110
     100
     104
     111
      88
      92
      94
      97
     100
     106
     102
      88
     104
      91
      93
      92
     106
      97
      84
      92
     114
      86
      69
      97
      69
      75
      78
      87
      78
      78
      72
      58
      70
      62
      60
      62
      70
      59
      57
      54
      53
      67
      60
      56
      57
      47
      49
      55
      51
      67
      54
      48
      35
      45
      45
      44
      38
      34
      34
      37
      26
      27
      25
      21
      23
      32
      22
      28
      20
      17
      31
      16
      28
      15
      13
      14
      20
      10
      10
       6
      10
      10
       8
      10
      10
       7
      13
       4
      13
       6
       5
       4
       8
       5
       4
       2
       3
       4
       4
       6
       2
       3
       2
       3
       3
       4
       3
       4
       4
       5
       1
       0
       0
       1
       1
       7
       4
       2
       1
       3
       4
       1
       0
       2
       2
       3
       2
       2
       1
       1
       3
       1
       3
       0
       0
       4
       3
       1
       1
       3
       2
       1
       1
       2
       1
       3
       2
       2
       0
       1
       3
       0
       2
       1
       0
       0
       1
       2
       0
       1
       1
       0
       0
       1
       3
       0
       0
       1
       1
       2
       1
       0
       1
       1
       0
       0
       0
       1
       1
       0
       1
       2
       0
       2
       0
       0
       1
       0
       1
       1
       0
       1
       0
       0
       1
       1
       1
       0
       1
       0
       0
       0
       0
       0
       0
       0
       1
       1
       1
       0
       0
       0
       0
       0
       0
       0
       0
       0
       0
       1
       0
       0
       0
       0
       0
       0
       0
       0
       0
       0
       1
       0
       0
       0
       0
       0
       0
       0
       1
       0
       0
       0
       0
       0
       0
       0
       0
       0
       0
       0
       1
       0
       0
       0
       0
       0
       0
       0
       0
       0
       0
       0
       0
       1
       1
       0
       0
       0
       1
       0
       0
       0
       0
       0
       0
       0
       0
       0
       0
       0
       0
       0
       0
       0
       0
       0
       0
       0
       2
       0
       0
       0
       0
       0
       0
       0
       0
       0
       0
       1
       0
       0
       0
       0
       0
       0
       1
       0
       0
       0
       0
       0
       0
       0
       0
       0
       0
       0
       0
       0
       0
       0
       0
       1
       0
       0
       0
       2
       0
       0
       0
       0
       0
       0
       0
       0
       0
       0
       0
       0
       0
       0
       0
       0
       0
       0
       0
       0
       0
       0
       0
       1
       0
       0
       0
       0
       0
       0
       0
       0
       0
       0
       0
       0
       0
       0
       0
       0
       0
       0
       0
       0
       0
       0
       1
       0
       0
       0
       0
       0
       0
       0
       0
       0
       0
       1
       0
       0
       0
       0
       0
       0
       0
       0
       0
       0
       0
       0
       0
       0
       0
       1
       0
       0
       0
       0
       0
       1
       1
       1
       0
       1
       0
       0
       0
       0
       0
       0
       0
       0
       0
       0
       1
       1
       0
       1
       0
       0
       0
       0
       0
       0
       0
       1
       0
       0
       0
       2
       0
       0
       0
       0
       0
       0
       0
       0
       0
       0
       0
       0
       0
       1
       0
       0
       0
       0
       0
       0
       0
       1
       1
       0
       0
       0
       0
       0
       0
       0
       0
       0
       0
       1
       0
       0
       0
       0
       0
       0
       0
       0
       1
       0
       0
       0
       0
       0
       0
       0
       0
       0
       0
       0
       1
       1
       0
       0
       0
       0
       0
       0
       1
       0
       1
       0
       0
       1
       0
       0
       0
       0
       0
       0
       0
       0
       0
       0
       0
       0
       0
       0
       1
       0
       0
       0
       1
       0
       0
       0
       0
       0
       0
       0
       0
       0
       0
       0
       0
       0
       0
       0
       0
       0
       0
       0
       0
       0
       0
       0
       0
       0
       0
       0
       0
       0
       0
       0
       2
       0
       0
       0
       0
       0
       0
       0
       1
       0
       0
       0
       0
       1
       0
       0
       1
       1
       0
       0
       0
       0
       0
       0
       0
       0
       0
       0
       1
       1
       0
       1
       0
       0
       0
       0
       0
       0
       0
       0
       1
       1
       0
       0
       0
       0
       0
       0
       0
       0
       0
       0
       0
       0
       0
       0
       0
       0
       0
       0
       0
       1
       0
       0
       0
       0
       1
       0
       0
       1
       0
       0
       0
       0
       3
       0
       0
       0
       0
       0
       0
       1
       0
       0
       1
       1
       0
       0
       0
       1
       0
       0
       0
       0
       2
       0
       0
       0
       0
       2
       0
       0
       0
       0
       0
       1
       0
       0
       0
       0
       0
       1
       0
       0
       0
       0
       0
       0
       0
       1
       0
       0
       0
       0
       0
       0
       0
       1
       1
       0
       0
       0
       0
       0
       0
       0
       0
       0
       0
       2
       1
       0
       0
       1
       0
       0
       0
       0
       0
       1
       1
       0
       0
       0
       0
       0
       0
       0
       1
       2
       1
       0
       1
       0
       0
       1
       1
       0
       1
       0
       1
       1
       1
       0
       0
       2
       0
       1
       0
       0
       0
       2
       1
       0
       2
       2
       0
       0
       1
       0
       0
       0
       2
       0
       0
       0
       2
       0
       1
       0
       0
       1
       0
       1
       0
       1
       0
       2
       1
       0
       0
       2
       0
       0
       0
       0
       1
       2
       0
       0
       0
       0
       1
       1
       0
       0
       1
       0
       1
       0
       0
       0
       2
       0
       0
       0
       0
       1
       0
       0
       2
       0
       0
       1
       0
       0
       0
       1
       0
       0
       0
       0
       1
       0
       1
       0
       0
       0
       1
       0
       0
       1
       0
       1
       3
       0
       2
       0
       0
       0
       0
       0
       1
       0
       0
       0
       0
       0
       4
       0
       0
       0
       1
       1
       0
       0
       0
       0
       0
       0
       1
       0
       0
       1
       2
       0
       1
       3
       0
       0
       1
       0
       0
       2
       1
       1
       1
       0
       1
       0
       0
       0
       1
       1
       1
       0
       1
       0
       0
       0
       0
       0
       1
       0
       0
       2
       1
       0
       0
       0
       0
       0
       0
       0
       0
       0
       0
       1
       0
       0
       0
       0
       1
       0
       0
       0
       1
       0
       0
       1
       1
       0
       1
       1
       1
       0
       0
       0
       0
       0
       0
       0
       0
       0
       1
       0
       0
       0
       1
       0
       1
       0
       1
       1
       1
       0
       1
       0
       0
       0
       0
       0
       0
       0
       1
       1
       1
       0
       0
       0
       0
       0
       0
       1
       1
       0
       0
       1
       0
       0
       0
       0
       0
       0
       0
       0
       0
       0
       0
       0
       0
       0
       0
       0
       0
       0
       0
       0
       0
       0
       0
       0
       0
       0
       0
       0
       0
       0
       0
       0
       0
       0
       0
       0
       0
       0
       0
       0
       0
       0
       0
       0
       0
       0
       0
       0
       0
       0
       0
       0
       0
       0
       0
       0
       0
       0
       0
       0
       0
       0
       0
       0
       0
       0
       0
       0
       0
       0
       0
       0
       0
       0
       0
       0
       0
       0
       0
       0
       0
       0
       0
       0
       0
       0
       0
       0
       0
       0
       0
       0
       0
       0
       0
       0
       0
       0
       0
       0
       0
       0
       0
       0
       0
       0
       0
       0
       0
       0
       0
       0
       0
       0
       0
       0
       0
       0
       0
       0
       0
       0
       0
       0
       0
       0
       0
       0
       0
       0
       0
       0
       0
       0
       0
       0
       0
       0
       0
       0
       0
       0
       0
       0
       0
       0
       0
       0
       0
       0
       0
       0
       0
       0
       0
       0
       0
       0
       0
       0
       0
       0
       0
       0
       0
       0
       0
       0
       0
       0
       0
       0
       0
       0
       0
       0
       0
       0
       0
       0
       0
       0
       0
       0
       0
       0
       0
       0
       0
       0
       0
       0
       0
       0
       0
       0
       0
       0
       0
       0
       0
       0
       0
       0
       0
       0
       0
       0
       0
       0
       0
       0
       0
       0
       0
       0
       0
       0
       0
       0
       0
       0
       0
       0
       0
       0
       0
       0
       0
       0
       0
       0
       0
       0
       0
       0
       0
       0
       0
       0
       0
       0
       0
       0
       0
       0
       0
       0
       0
       0
       0
       0
       0
       0
       0
       0
       0
       0
       0
       0
       0
       0
       0
       0
       0
       0
       0
       0
       0
       0
       0
       0
       0
       0
       0
       0
       0
       0
       0
       0
       0
       0
       0
       0
       0
       0
       0
       0
       0
       0
       0
       0
       0
       0
       0
       0
       0
       0
       0
       0
       0
       0
       0
       0
       0
       0
       0
       0
       0
       0
       0
       0
       0
       0
       0
       0
       0
       0
       0
       0
       0
       0
       0
       0
       0
       0
       0
       0
       0
       0
       0
       0
       0
       0
       0
       0
       0
       0
       0
       0
       0
       0
       0
       0
       0
       0
       0
       0
       0
       0
       0
       0
       0
       0
       0
       0
       0
       0
       0
       0
       0
       0
       0
       0
       0
       0
       0
       0
       0
       0
       0
       0
       0
       0
       0
       0
       0
       0
       0
       0
       0
       0
       0
       0
       0
       0
       0
       0
       0
       0
       0
       0
       0
       0
       0
       0
       0
       0
       0
$ROI:
0
$PRESETS:
Live Time
10000
0
$ENER_FIT:
0.000000 0.003445
$MCA_CAL:
3
0.000000E+000 3.444600E-003 0.000000E+000 MeV
$SHAPE_CAL:
3
2.068544E+001 0.000000E+000 0.000000E+000
