$SPEC_ID:
No sample description was entered.
$SPEC_REM:
DET# 1
DETDESC# E-C11SRPLAB223 MCB 129
AP# Maestro Version 7.01
$DATE_MEA:
02/19/2026 14:14:48
$MEAS_TIM:
359 360
$DATA:
0 2047
       0
       0
       0
       0
       0
       0
       0
       0
       0
       0
       0
       0
       0
       0
       0
       0
       0
       0
       0
       0
       0
       0
       0
       0
       0
       0
       0
       0
       0
       0
       0
       0
       0
       0
       0
       0
       0
       0
      37
     157
     133
      78
      56
      41
      18
      13
      10
       4
       4
       3
       6
       4
       1
       1
       2
       1
       1
       2
       4
       1
       2
       4
       2
       3
       1
       4
       3
       4
       3
       1
       1
       4
       1
       4
       1
       2
       1
       1
       4
       2
       4
       0
       5
       3
       2
       5
       2
       1
       6
       1
       0
       2
       5
       2
       5
       3
       2
       2
       2
       3
       3
       2
       5
       5
       6
       5
       4
       4
       3
       2
       2
       3
       2
       4
       3
       2
       5
       6
       3
       1
       3
       1
       3
       4
       1
       3
       7
       1
       2
       3
       3
       6
       2
       3
       4
       2
       0
       2
       1
       2
       5
       1
       2
       3
       2
       2
       6
       3
       3
       6
       0
       2
       7
       6
       5
       3
       2
       3
       4
       3
       6
       5
       5
       3
       9
       7
       4
       4
      11
       2
       3
       5
       6
       5
       6
       2
       4
       2
       4
       7
       3
       3
       3
       3
       3
       3
       7
       5
       5
       2
       9
       6
       2
       7
       3
       4
       5
       6
       5
       2
       8
       7
      11
       8
       8
       6
       7
       8
       9
       2
      10
      11
       8
       8
       9
       5
      10
      10
       4
      13
       6
      10
       9
      14
       6
       9
       2
      13
      13
       9
       8
      12
      13
      15
       8
       9
      11
      12
       7
      16
      11
      14
      21
      18
      15
      22
      12
       7
      13
      17
      15
      26
      15
      16
      16
      13
      16
      14
      18
      17
      26
      23
      16
      18
      16
      23
      21
      19
      31
      27
      19
      24
      27
      24
      31
      30
      33
      25
      29
      32
      30
      31
      23
      45
      33
      41
      51
      34
      33
      40
      47
      34
      36
      48
      39
      39
      51
      34
      46
      41
      43
      43
      57
      42
      45
      42
      44
      50
      63
      63
      60
      48
      53
      58
      51
      51
      68
      60
      55
      58
      64
      66
      72
      62
      60
      87
      58
      60
      75
      74
      71
      66
      78
      66
      77
      69
      63
      75
      71
      60
      91
      89
      82
      73
      93
      87
      85
      70
      79
      90
      77
      70
      88
      94
      84
      87
      75
      85
      89
      81
      76
      93
      94
      98
     100
      97
      96
      73
      95
      91
      93
     103
      89
      99
      86
      80
     102
      87
      78
      91
      89
      80
      88
      85
      86
      87
      82
     103
      90
      92
     100
      94
      94
      92
      91
      91
      97
      86
     100
      98
     116
      88
      89
     114
      88
      92
     102
      98
      95
      90
      96
     109
      98
     109
      85
      82
      92
      98
     109
      91
      94
      97
     110
      83
     108
      94
     100
     113
      89
      99
     101
      94
      92
     105
      83
     103
      83
     113
     102
      95
     109
      82
      94
      93
      95
      97
      84
     107
      80
      83
      90
      92
      86
      84
      96
      90
     100
     100
      88
     103
      90
     109
      94
     112
     102
      99
     112
     110
      83
      96
     108
     108
      96
     101
     102
      83
      99
     101
      97
      90
      85
     101
      88
     113
      92
      98
      94
      99
      92
      97
      92
      98
      91
      80
      78
      85
      94
      96
      95
     112
     105
      95
     113
      81
      88
      86
     101
      91
      97
     102
      94
      71
      83
     114
      82
      90
      76
      76
      86
      85
      86
      83
      87
      92
      86
     109
      68
      95
      66
      77
      94
      56
      71
      69
      87
      85
      88
      61
      77
      69
      64
      84
      65
      74
      90
      82
      86
      70
      70
      62
      54
      73
      68
      62
      61
      57
      64
      64
      49
      62
      55
      38
      59
      50
      52
      67
      54
      37
      64
      52
      47
      47
      51
      46
      40
      32
      44
      49
      44
      49
      49
      44
      29
      42
      35
      30
      30
      40
      27
      25
      31
      37
      27
      26
      24
      25
      21
      28
      24
      22
      12
      20
      13
      18
      17
      18
      21
      19
      26
      10
      15
      14
      17
      11
      18
      13
       5
      11
      17
      12
       4
       8
       3
       2
       5
       4
      12
       3
       4
       7
       4
       1
       3
       0
       8
       5
       4
       3
       3
       4
       4
       3
       1
       0
       1
       2
       2
       3
       2
       0
       2
       2
       2
       1
       0
       2
       1
       1
       0
       0
       0
       1
       1
       0
       1
       0
       1
       1
       0
       0
       0
       0
       0
       0
       1
       0
       0
       0
       0
       0
       0
       0
       0
       0
       0
       1
       0
       0
       0
       0
       0
       0
       0
       0
       0
       0
       0
       0
       0
       1
       0
       0
       0
       0
       1
       0
       0
       1
       0
       1
       1
       0
       0
       0
       0
       0
       0
       0
       0
       0
       0
       0
       0
       0
       1
       1
       0
       0
       0
       0
       0
       1
       0
       0
       0
       0
       0
       0
       0
       0
       1
       0
       0
       0
       0
       0
       0
       0
       0
       1
       1
       0
       0
       0
       0
       0
       1
       0
       1
       0
       0
       0
       0
       0
       1
       1
       0
       0
       0
       0
       0
       0
       0
       0
       1
       0
       0
       0
       0
       0
       0
       0
       0
       0
       0
       0
       0
       0
       1
       0
       0
       0
       0
       0
       0
       1
       0
       0
       1
       2
       0
       1
       0
       0
       0
       1
       0
       0
       0
       0
       0
       0
       0
       0
       0
       0
       0
       0
       0
       0
       0
       0
       0
       0
       0
       0
       0
       0
       0
       0
       0
       1
       0
       0
       0
       0
       0
       0
       0
       0
       0
       0
       1
       0
       0
       1
       0
       0
       0
       0
       0
       0
       0
       0
       0
       0
       0
       0
       0
       0
       0
       0
       1
       0
       0
       0
       0
       0
       0
       0
       0
       0
       0
       0
       0
       0
       0
       1
       0
       0
       0
       1
       0
       0
       0
       0
       0
       0
       0
       0
       0
       0
       0
       0
       0
       0
       0
       0
       0
       0
       1
       0
       0
       0
       0
       0
       0
       0
       0
       0
       1
       0
       0
       0
       0
       1
       0
       0
       0
       0
       0
       0
       0
       0
       0
       0
       0
       0
       0
       0
       1
       0
       0
       0
       0
       0
       0
       0
       1
       0
       0
       0
       0
       0
       0
       0
       0
       0
       0
       0
       0
       0
       0
       0
       0
       0
       0
       0
       0
       0
       0
       0
       0
       0
       0
       0
       0
       0
       1
       0
       0
       1
       0
       0
       0
       0
       0
       0
       0
       0
       0
       0
       0
       0
       0
       0
       0
       0
       0
       0
       0
       0
       0
       0
       0
       0
       1
       0
       0
       0
       0
       0
       0
       0
       0
       0
       0
       0
       0
       0
       0
       0
       0
       0
       0
       0
       0
       0
       0
       0
       0
       1
       0
       0
       0
       1
       0
       1
       0
       0
       0
       0
       0
       0
       0
       1
       0
       1
       1
       1
       0
       0
       0
       0
       0
       0
       0
       0
       0
       0
       0
       0
       0
       0
       0
       0
       0
       0
       0
       0
       0
       0
       1
       0
       0
       0
       0
       0
       0
       1
       0
       1
       0
       0
       0
       0
       0
       0
       0
       0
       1
       0
       0
       0
       0
       0
       0
       0
       0
       0
       0
       1
       0
       1
       1
       0
       0
       1
       0
       0
       1
       0
       0
       0
       0
       0
       1
       0
       0
       0
       0
       0
       0
       0
       0
       1
       0
       0
       0
       0
       1
       0
       0
       0
       0
       0
       0
       0
       0
       0
       0
       0
       0
       0
       0
       0
       0
       0
       0
       0
       0
       0
       0
       0
       0
       0
       0
       0
       0
       0
       0
       0
       1
       0
       0
       0
       0
       0
       0
       1
       0
       0
       0
       0
       0
       1
       0
       0
       0
       0
       0
       1
       1
       1
       1
       1
       0
       0
       0
       0
       0
       2
       0
       0
       0
       0
       0
       0
       0
       0
       1
       1
       0
       0
       0
       0
       0
       1
       0
       0
       1
       0
       0
       0
       0
       0
       1
       0
       0
       0
       0
       1
       0
       0
       0
       0
       0
       0
       1
       1
       0
       0
       0
       0
       0
       0
       0
       0
       0
       0
       1
       0
       0
       1
       0
       1
       1
       2
       0
       1
       2
       1
       0
       0
       0
       0
       0
       0
       0
       1
       0
       0
       0
       0
       0
       1
       1
       0
       0
       0
       0
       0
       0
       0
       0
       0
       0
       0
       0
       1
       0
       0
       0
       0
       0
       0
       0
       0
       1
       1
       0
       0
       0
       0
       0
       1
       1
       0
       0
       0
       1
       0
       0
       0
       0
       0
       0
       1
       0
       1
       0
       0
       1
       0
       0
       0
       0
       0
       0
       1
       0
       1
       0
       0
       0
       1
       0
       0
       0
       1
       0
       0
       0
       1
       1
       1
       1
       1
       1
       0
       1
       0
       2
       0
       0
       1
       0
       0
       1
       0
       0
       2
       0
       0
       1
       0
       2
       1
       0
       0
       0
       1
       0
       0
       2
       0
       0
       0
       1
       1
       1
       0
       0
       0
       0
       0
       0
       0
       0
       0
       0
       1
       0
       0
       0
       0
       0
       0
       1
       0
       1
       0
       0
       1
       1
       0
       2
       1
       0
       0
       0
       0
       1
       0
       0
       1
       1
       0
       1
       1
       0
       0
       0
       0
       0
       0
       0
       0
       0
       1
       1
       0
       0
       1
       0
       0
       0
       1
       0
       0
       0
       0
       0
       0
       2
       0
       0
       0
       0
       0
       0
       1
       0
       2
       0
       0
       0
       0
       2
       1
       0
       0
       0
       4
       3
       1
       0
       1
       1
       0
       1
       0
       1
       0
       0
       2
       1
       0
       1
       2
       1
       1
       1
       0
       0
       0
       2
       0
       3
       1
       0
       1
       0
       2
       1
       0
       1
       0
       2
       1
       0
       1
       1
       0
       0
       0
       1
       0
       2
       1
       1
       0
       0
       0
       2
       2
       1
       1
       1
       1
       0
       0
       1
       1
       2
       0
       1
       0
       2
       0
       1
       0
       2
       2
       0
       0
       0
       0
       1
       0
       1
       1
       0
       1
       1
       1
       3
       0
       0
       3
       0
       1
       0
       1
       2
       1
       2
       1
       2
       2
       0
       1
       1
       3
       0
       0
       1
       1
       1
       1
       1
       2
       1
       1
       0
       2
       0
       2
       0
       3
       2
       1
       1
       1
       1
       2
       0
       3
       2
       2
       1
       0
       1
       0
       0
       2
       2
       1
       2
       0
       0
       3
       2
       0
       1
       0
       0
       3
       2
       0
       2
       0
       0
       0
       0
       3
       1
       0
       0
       1
       0
       1
       1
       1
       0
       1
       1
       1
       2
       2
       1
       2
       1
       1
       0
       0
       1
       0
       0
       1
       2
       1
       2
       1
       0
       0
       1
       2
       0
       0
       0
       0
       1
       0
       0
       2
       1
       1
       0
       0
       1
       0
       0
       0
       0
       1
       0
       0
       1
       0
       0
       0
       0
       0
       0
       0
       0
       0
       0
       0
       0
       1
       0
       0
       0
       0
       0
       0
       0
       0
       0
       0
       0
       0
       0
       0
       0
       0
       0
       0
       0
       0
       0
       0
       0
       0
       0
       0
       0
       0
       0
       0
       0
       0
       0
       0
       0
       0
       0
       0
       0
       0
       0
       0
       0
       0
       0
       0
       0
       0
       0
       0
       0
       0
       0
       0
       0
       0
       0
       0
       0
       0
       0
       0
       0
       0
       0
       0
       0
       0
       0
       0
       0
       0
       0
       0
       0
       0
       0
       0
       0
       0
       0
       0
       0
       0
       0
       0
       0
       0
       0
       0
       0
       0
       0
       0
       0
       0
       0
       0
       0
       0
       0
       0
       0
       0
       0
       0
       0
       0
       0
       0
       0
       0
       0
       0
       0
       0
       0
       0
       0
       0
       0
       0
       0
       0
       0
       0
       0
       0
       0
       0
       0
       0
       0
       0
       0
       0
       0
       0
       0
       0
       0
       0
       0
       0
       0
       0
       0
       0
       0
       0
       0
       0
       0
       0
       0
       0
       0
       0
       0
       0
       0
       0
       0
       0
       0
       0
       0
       0
       0
       0
       0
       0
       0
       0
       0
       0
       0
       0
       0
       0
       0
       0
       0
       0
       0
       0
       0
       0
       0
       0
       0
       0
       0
       0
       0
       0
       0
       0
       0
       0
       0
       0
       0
       0
       0
       0
       0
       0
       0
       0
       0
       0
       0
       0
       0
       0
       0
       0
       0
       0
       0
       0
       0
       0
       0
       0
       0
       0
       0
       0
       0
       0
       0
       0
       0
       0
       0
       0
       0
       0
       0
       0
       0
       0
       0
       0
       0
       0
       0
       0
       0
       0
       0
       0
       0
       0
       0
       0
       0
       0
       0
       0
       0
       0
       0
       0
       0
       0
       0
       0
       0
       0
       0
       0
       0
       0
       0
       0
       0
       0
       0
       0
       0
       0
       0
       0
       0
       0
       0
       0
       0
       0
       0
       0
       0
       0
       0
       0
       0
       0
       0
       0
       0
       0
       0
       0
       0
       0
       0
       0
       0
       0
       0
       0
       0
       0
       0
       0
       0
       0
       0
       0
       0
       0
       0
       0
       0
       0
       0
       0
       0
       0
       0
       0
       0
       0
       0
       0
       0
       0
       0
       0
       0
       0
       0
       0
       0
       0
       0
       0
       0
       0
       0
       0
       0
       0
       0
       0
       0
       0
       0
       0
       0
       0
       0
       0
       0
       0
       0
       0
       0
       0
       0
       0
       0
       0
       0
       0
       0
       0
       0
       0
       0
       0
       0
       0
$ROI:
0
$PRESETS:
Live Time
10000
0
$ENER_FIT:
0.000000 0.003445
$MCA_CAL:
3
0.000000E+000 3.444600E-003 0.000000E+000 MeV
$SHAPE_CAL:
3
2.068544E+001 0.000000E+000 0.000000E+000
