$SPEC_ID:
No sample description was entered.
$SPEC_REM:
DET# 1
DETDESC# E-C11SRPLAB223 MCB 129
AP# Maestro Version 7.01
$DATE_MEA:
02/19/2026 14:21:13
$MEAS_TIM:
363 365
$DATA:
0 2047
       0
       0
       0
       0
       0
       0
       0
       0
       0
       0
       0
       0
       0
       0
       0
       0
       0
       0
       0
       0
       0
       0
       0
       0
       0
       0
       0
       0
       0
       0
       0
       0
       0
       0
       0
       1
       1
      31
    1861
    3908
    3324
    2627
    1965
    1502
    1115
     787
     574
     373
     227
     154
      96
      54
      31
      16
      14
       3
       5
       3
       4
       2
       0
       5
       4
       3
       4
       1
       1
       2
       5
       2
       3
       4
       1
       0
       0
       5
       6
       0
       2
       4
       3
       3
       0
       1
       2
       3
       4
       3
       2
       2
       2
       6
       0
       2
       5
       1
       2
       2
       4
       3
       4
       1
       3
       3
       3
       3
       2
       3
       4
       1
       2
       2
       1
       3
       3
       3
       3
       1
       2
       4
       2
       2
       3
       3
       6
       6
       2
       7
       4
       3
       5
       6
       1
       6
       6
       2
       5
       1
       5
       5
       1
       6
       2
       3
       4
       2
       2
       5
       4
       9
       5
       5
       5
       5
       4
       3
       2
       1
       3
       3
       3
       7
       2
       6
       1
       5
       5
       6
       6
       4
       4
       7
       6
       3
       8
       4
       4
       5
       6
       2
       2
       5
       3
       8
       6
      10
       8
      13
       6
       9
       4
       3
       7
      12
       5
       9
       2
       5
      10
       5
       4
       7
       6
       5
       4
       2
      10
      11
       6
      14
       3
       8
       7
       3
      10
       5
      11
       8
       5
       8
      13
       7
       9
       7
      12
      12
      11
       8
       8
       8
       9
      11
      12
       8
      16
      14
       8
      13
      12
       7
      18
      14
      14
      13
      14
      16
      21
      17
      12
      12
      18
      17
      16
       9
      12
      16
      22
      18
      16
      15
      18
      25
      23
      14
      29
      23
      29
      27
      26
      31
      25
      27
      24
      17
      31
      28
      27
      39
      32
      38
      37
      27
      35
      30
      33
      31
      35
      46
      45
      46
      30
      40
      36
      45
      39
      42
      43
      39
      43
      48
      58
      50
      46
      60
      39
      55
      48
      62
      56
      52
      52
      64
      68
      60
      60
      67
      51
      59
      73
      73
      53
      61
      63
      61
      77
      67
      64
      71
      71
      70
      79
      58
      78
      88
      75
      78
      84
      88
      78
      73
      63
      84
      91
      94
      84
      73
      86
      98
      94
      78
      93
      92
      85
      95
      94
      88
      88
      82
      92
      82
     112
      84
     112
      87
      94
      95
      87
      84
      92
      95
      87
      78
      99
      91
      87
      81
     100
     102
      93
      85
      82
      70
      92
      94
      97
      83
     100
      98
      88
     100
     105
      83
      96
      97
     124
      98
      96
      81
      92
     103
      80
      76
     102
      92
      94
     105
      96
      88
      94
     115
      82
     104
      96
     101
      84
      81
      96
      94
     110
      98
      85
      92
     112
      86
      91
     106
      85
     110
      82
     110
      93
      97
     101
     109
     104
      92
      94
      85
      90
      95
      90
     101
     101
      97
      92
     114
     105
      84
      99
      91
      87
     112
     107
     110
     111
      85
      83
      88
      98
     103
      80
      99
      75
      89
     101
      86
     103
      83
      98
      95
     109
      85
      87
      97
      91
     101
      92
      82
     108
     108
      80
      83
     107
      94
      85
      80
      86
      88
     106
     100
      97
      80
      85
     106
      98
      97
      84
      83
     106
      77
     104
     115
      89
      81
      89
      84
      97
     110
      88
      89
      88
      96
      97
      81
      81
     100
      89
      81
      90
      81
      79
      87
      80
     100
      67
      87
      82
      65
      93
      79
      72
      65
      81
      58
      82
      66
      81
      63
      70
      78
      85
      75
      83
      73
      71
      75
      64
      67
      63
      77
      64
      62
      69
      68
      71
      80
      60
      52
      44
      64
      78
      63
      53
      66
      48
      56
      48
      44
      58
      60
      49
      43
      51
      60
      45
      40
      46
      49
      30
      48
      39
      30
      49
      38
      29
      35
      33
      32
      31
      31
      21
      29
      27
      30
      21
      28
      34
      22
      28
      27
      22
      19
      23
      20
      19
      11
      21
       9
      11
      10
      13
      13
      16
      10
       7
      12
      16
      10
      10
       9
       4
       1
      12
      11
       4
       7
       5
       5
       6
       6
       3
       9
       3
       3
       6
       4
       4
       2
       1
       2
       0
       4
       0
       3
       1
       3
       3
       1
       0
       1
       3
       0
       1
       2
       0
       0
       0
       0
       1
       2
       3
       0
       2
       0
       0
       0
       0
       0
       0
       1
       1
       0
       0
       0
       0
       1
       0
       0
       0
       0
       0
       0
       0
       0
       0
       2
       0
       0
       0
       0
       0
       0
       0
       0
       0
       0
       1
       0
       0
       0
       0
       1
       0
       0
       0
       0
       0
       0
       0
       0
       1
       0
       0
       0
       1
       0
       1
       0
       0
       1
       1
       0
       0
       1
       1
       0
       1
       1
       0
       0
       0
       0
       0
       0
       0
       0
       0
       0
       0
       0
       0
       0
       0
       0
       0
       1
       1
       0
       0
       0
       0
       0
       0
       0
       0
       1
       2
       0
       1
       0
       0
       0
       0
       0
       0
       0
       0
       0
       0
       0
       0
       0
       0
       0
       1
       0
       0
       0
       1
       1
       1
       0
       0
       0
       1
       0
       0
       0
       0
       0
       0
       0
       0
       0
       0
       0
       0
       0
       0
       0
       0
       0
       0
       0
       0
       0
       0
       0
       0
       0
       0
       0
       0
       0
       0
       0
       1
       0
       0
       0
       0
       1
       0
       1
       0
       0
       0
       0
       0
       0
       0
       0
       0
       0
       0
       0
       0
       0
       0
       0
       0
       0
       1
       0
       0
       0
       0
       0
       0
       0
       0
       0
       0
       0
       0
       1
       0
       0
       0
       0
       1
       0
       0
       1
       0
       1
       0
       0
       0
       0
       0
       0
       0
       1
       0
       0
       0
       0
       1
       0
       0
       0
       0
       0
       0
       0
       1
       0
       0
       0
       1
       0
       0
       0
       0
       0
       0
       0
       0
       0
       0
       0
       0
       0
       0
       0
       1
       0
       0
       0
       0
       0
       0
       0
       0
       0
       0
       0
       0
       0
       0
       0
       0
       0
       0
       0
       0
       0
       0
       0
       0
       0
       0
       0
       0
       0
       0
       0
       0
       0
       0
       0
       0
       0
       0
       0
       0
       0
       0
       0
       0
       0
       0
       0
       0
       0
       0
       0
       0
       0
       0
       1
       0
       1
       0
       0
       1
       1
       0
       0
       0
       0
       0
       0
       0
       0
       0
       0
       1
       0
       0
       0
       0
       0
       0
       0
       0
       0
       1
       0
       0
       0
       1
       0
       0
       0
       0
       0
       0
       2
       0
       0
       0
       0
       0
       0
       2
       0
       0
       0
       0
       1
       0
       0
       1
       0
       0
       0
       0
       0
       1
       0
       0
       0
       0
       0
       0
       0
       0
       0
       0
       0
       0
       1
       0
       0
       0
       1
       0
       1
       0
       0
       1
       0
       0
       0
       0
       0
       0
       0
       0
       0
       0
       0
       0
       0
       0
       0
       0
       1
       0
       0
       0
       0
       0
       0
       0
       0
       2
       0
       0
       0
       0
       0
       1
       1
       0
       1
       2
       0
       0
       0
       0
       0
       0
       0
       1
       0
       0
       0
       0
       0
       0
       1
       1
       0
       0
       0
       0
       0
       0
       0
       0
       1
       1
       0
       1
       0
       1
       0
       0
       0
       0
       0
       0
       0
       0
       1
       0
       0
       0
       0
       0
       0
       0
       0
       0
       0
       1
       0
       1
       0
       0
       0
       0
       0
       0
       0
       1
       0
       0
       0
       1
       0
       1
       0
       1
       0
       0
       1
       0
       0
       0
       0
       0
       2
       0
       0
       0
       0
       0
       0
       0
       0
       0
       0
       1
       0
       0
       0
       0
       0
       0
       0
       1
       0
       0
       0
       0
       1
       1
       0
       0
       0
       0
       0
       0
       0
       0
       0
       0
       0
       0
       0
       1
       0
       0
       1
       0
       0
       1
       0
       0
       0
       0
       0
       0
       0
       0
       0
       0
       0
       0
       2
       0
       0
       0
       1
       0
       0
       1
       0
       0
       0
       0
       0
       0
       1
       0
       0
       0
       0
       0
       0
       0
       0
       0
       1
       0
       1
       0
       0
       1
       0
       0
       0
       0
       1
       0
       0
       1
       0
       1
       1
       0
       0
       1
       0
       1
       0
       0
       1
       1
       0
       0
       0
       0
       0
       0
       1
       0
       1
       1
       1
       2
       1
       0
       0
       0
       0
       1
       0
       0
       0
       0
       1
       0
       1
       0
       1
       0
       0
       1
       0
       1
       1
       0
       0
       1
       0
       0
       1
       1
       1
       0
       0
       0
       0
       0
       0
       1
       0
       1
       0
       1
       0
       0
       1
       2
       0
       0
       0
       0
       1
       1
       0
       0
       0
       0
       1
       0
       0
       0
       0
       1
       0
       0
       0
       2
       1
       0
       0
       1
       1
       0
       0
       0
       0
       0
       1
       0
       1
       0
       1
       0
       0
       1
       2
       0
       0
       1
       0
       0
       0
       0
       2
       2
       1
       0
       0
       1
       0
       0
       0
       0
       0
       0
       0
       1
       0
       0
       0
       0
       1
       1
       0
       0
       0
       0
       0
       1
       0
       1
       0
       1
       1
       2
       0
       1
       1
       0
       0
       0
       1
       0
       2
       1
       0
       0
       0
       0
       2
       0
       0
       0
       0
       1
       0
       0
       0
       0
       2
       1
       1
       1
       0
       0
       0
       2
       0
       2
       0
       1
       1
       0
       0
       0
       1
       1
       2
       0
       0
       2
       1
       0
       1
       0
       3
       1
       0
       1
       2
       1
       0
       1
       0
       1
       2
       1
       2
       2
       0
       0
       0
       1
       1
       1
       0
       1
       0
       2
       0
       1
       1
       0
       2
       0
       1
       0
       1
       1
       2
       3
       0
       0
       1
       0
       1
       0
       0
       0
       1
       2
       0
       0
       1
       1
       0
       1
       0
       0
       0
       1
       0
       1
       0
       3
       0
       1
       3
       2
       2
       0
       0
       4
       1
       3
       2
       1
       0
       1
       1
       2
       1
       1
       0
       0
       2
       0
       0
       1
       1
       1
       0
       1
       1
       0
       3
       1
       0
       1
       0
       0
       2
       1
       0
       1
       4
       2
       1
       1
       2
       4
       1
       1
       1
       0
       0
       1
       1
       1
       2
       1
       3
       1
       3
       4
       0
       0
       1
       0
       1
       2
       3
       2
       3
       2
       3
       0
       3
       2
       1
       0
       1
       1
       0
       1
       0
       0
       0
       0
       3
       1
       3
       2
       3
       1
       2
       2
       1
       0
       2
       0
       2
       3
       1
       2
       0
       1
       0
       2
       0
       0
       2
       2
       0
       0
       0
       3
       1
       1
       0
       1
       3
       3
       0
       0
       0
       3
       1
       0
       2
       2
       0
       2
       2
       0
       1
       2
       0
       0
       2
       1
       1
       0
       0
       0
       1
       0
       0
       0
       0
       0
       0
       0
       0
       1
       0
       0
       0
       0
       0
       0
       0
       0
       0
       0
       0
       0
       0
       0
       0
       0
       0
       0
       0
       0
       0
       0
       0
       0
       0
       0
       0
       0
       0
       0
       0
       0
       0
       0
       0
       0
       0
       0
       0
       0
       0
       0
       0
       0
       0
       0
       0
       0
       0
       0
       0
       0
       0
       0
       0
       0
       0
       0
       0
       0
       0
       0
       0
       0
       0
       0
       0
       0
       0
       0
       0
       0
       0
       0
       0
       0
       0
       0
       0
       0
       0
       0
       0
       0
       0
       0
       0
       0
       0
       0
       0
       0
       0
       0
       0
       0
       0
       0
       0
       0
       0
       0
       0
       0
       0
       0
       0
       0
       0
       0
       0
       0
       0
       0
       0
       0
       0
       0
       0
       0
       0
       0
       0
       0
       0
       0
       0
       0
       0
       0
       0
       0
       0
       0
       0
       0
       0
       0
       0
       0
       0
       0
       0
       0
       0
       0
       0
       0
       0
       0
       0
       0
       0
       0
       0
       0
       0
       0
       0
       0
       0
       0
       0
       0
       0
       0
       0
       0
       0
       0
       0
       0
       0
       0
       0
       0
       0
       0
       0
       0
       0
       0
       0
       0
       0
       0
       0
       0
       0
       0
       0
       0
       0
       0
       0
       0
       0
       0
       0
       0
       0
       0
       0
       0
       0
       0
       0
       0
       0
       0
       0
       0
       0
       0
       0
       0
       0
       0
       0
       0
       0
       0
       0
       0
       0
       0
       0
       0
       0
       0
       0
       0
       0
       0
       0
       0
       0
       0
       0
       0
       0
       0
       0
       0
       0
       0
       0
       0
       0
       0
       0
       0
       0
       0
       0
       0
       0
       0
       0
       0
       0
       0
       0
       0
       0
       0
       0
       0
       0
       0
       0
       0
       0
       0
       0
       0
       0
       0
       0
       0
       0
       0
       0
       0
       0
       0
       0
       0
       0
       0
       0
       0
       0
       0
       0
       0
       0
       0
       0
       0
       0
       0
       0
       0
       0
       0
       0
       0
       0
       0
       0
       0
       0
       0
       0
       0
       0
       0
       0
       0
       0
       0
       0
       0
       0
       0
       0
       0
       0
       0
       0
       0
       0
       0
       0
       0
       0
       0
       0
       0
       0
       0
       0
       0
       0
       0
       0
       0
       0
       0
       0
       0
       0
       0
       0
       0
       0
       0
       0
       0
       0
       0
       0
       0
       0
       0
       0
       0
       0
       0
       0
       0
       0
       0
       0
       0
       0
       0
       0
       0
       0
       0
       0
       0
       0
       0
       0
       0
       0
       0
       0
$ROI:
0
$PRESETS:
Live Time
10000
0
$ENER_FIT:
0.000000 0.003445
$MCA_CAL:
3
0.000000E+000 3.444600E-003 0.000000E+000 MeV
$SHAPE_CAL:
3
2.068544E+001 0.000000E+000 0.000000E+000
