$SPEC_ID:
No sample description was entered.
$SPEC_REM:
DET# 1
DETDESC# E-C11SRPLAB222 MCB 129
AP# Maestro Version 7.01
$DATE_MEA:
02/12/2026 12:15:41
$MEAS_TIM:
92 98
$DATA:
0 2047
       0
       0
       0
       0
       0
       0
       0
       0
       0
       0
       0
       0
       0
       0
       0
       0
       0
       0
       0
       0
       0
       0
       0
       0
       0
       0
       0
       0
       0
       0
       0
       0
       0
       0
       0
       0
       0
       0
       0
       0
       0
       0
       0
       0
       0
       0
       0
       0
       0
       1
      46
      40
      13
       5
       3
       0
       0
       0
       0
       2
       0
       0
       0
       0
       0
       0
       0
       0
       0
       0
       0
       1
       1
       1
       0
       0
       0
       1
       0
       0
       0
       0
       0
       0
       1
       0
       0
       0
       0
       0
       0
       1
       0
       0
       0
       0
       0
       0
       0
       0
       0
       0
       0
       1
       0
       0
       1
       1
       1
       0
       0
       0
       0
       0
       0
       0
       0
       0
       0
       1
       1
       0
       0
       0
       0
       0
       0
       1
       0
       0
       2
       0
       0
       0
       0
       0
       1
       0
       0
       0
       2
       6
       7
      12
      19
      42
      60
     118
     146
     248
     302
     412
     511
     541
     567
     675
     712
     786
     778
     751
     670
     638
     547
     413
     354
     275
     162
      99
      93
      59
      45
      35
      43
      43
      37
      52
      42
      56
      48
      42
      52
      48
      50
      39
      37
      43
      25
      32
      28
      23
      21
      13
      12
       6
       8
      11
       6
       4
       2
       1
       1
       2
       0
       1
       2
       0
       1
       0
       0
       1
       0
       0
       0
       0
       0
       0
       0
       2
       0
       1
       0
       1
       0
       0
       0
       0
       0
       0
       0
       0
       0
       0
       0
       0
       0
       0
       0
       0
       0
       0
       1
       0
       1
       1
       0
       0
       0
       0
       0
       0
       1
       0
       0
       0
       0
       0
       0
       0
       1
       0
       0
       0
       0
       0
       0
       0
       0
       0
       0
       0
       0
       1
       0
       0
       0
       0
       0
       0
       0
       0
       0
       0
       1
       0
       0
       0
       0
       1
       0
       1
       2
       0
       1
       0
       0
       0
       0
       0
       0
       2
       1
       0
       1
       0
       0
       1
       1
       1
       0
       1
       0
       1
       0
       0
       1
       1
       0
       1
       2
       1
       0
       0
       0
       0
       0
       0
       0
       1
       0
       0
       0
       0
       2
       0
       0
       0
       1
       0
       2
       0
       0
       0
       0
       0
       0
       0
       0
       0
       0
       0
       0
       0
       0
       0
       1
       0
       0
       0
       0
       0
       0
       0
       1
       1
       1
       0
       1
       0
       0
       0
       0
       1
       0
       1
       0
       0
       0
       0
       0
       0
       0
       1
       0
       0
       0
       1
       0
       0
       0
       0
       0
       0
       0
       1
       0
       1
       1
       0
       0
       0
       0
       1
       1
       0
       0
       0
       0
       0
       0
       0
       0
       1
       0
       0
       0
       0
       0
       1
       0
       0
       1
       2
       0
       0
       2
       0
       0
       0
       0
       0
       0
       0
       0
       0
       1
       0
       2
       0
       0
       1
       1
       0
       0
       2
       1
       0
       1
       0
       0
       0
       0
       0
       0
       0
       2
       1
       0
       0
       0
       0
       1
       0
       1
       0
       0
       0
       2
       1
       0
       0
       0
       0
       1
       0
       1
       0
       0
       0
       0
       1
       1
       0
       0
       1
       1
       1
       1
       0
       0
       0
       0
       1
       1
       0
       0
       0
       0
       0
       0
       0
       0
       0
       0
       0
       0
       0
       0
       0
       0
       0
       1
       0
       0
       0
       1
       1
       1
       0
       0
       1
       0
       0
       0
       1
       0
       1
       2
       1
       1
       1
       0
       0
       0
       0
       0
       0
       1
       0
       0
       0
       0
       0
       0
       1
       0
       0
       2
       0
       0
       0
       0
       0
       1
       0
       1
       0
       0
       0
       0
       0
       0
       0
       1
       0
       0
       0
       1
       0
       1
       0
       1
       0
       0
       0
       0
       0
       0
       0
       2
       0
       0
       0
       1
       0
       0
       1
       1
       1
       0
       0
       0
       1
       0
       3
       0
       1
       2
       0
       0
       1
       0
       0
       0
       1
       0
       0
       0
       0
       0
       2
       0
       0
       1
       1
       0
       0
       0
       1
       1
       1
       1
       1
       0
       0
       1
       0
       0
       0
       0
       1
       0
       0
       0
       0
       0
       0
       0
       0
       0
       1
       0
       1
       0
       0
       0
       0
       0
       0
       0
       1
       1
       1
       0
       0
       0
       0
       0
       0
       0
       0
       0
       1
       2
       0
       0
       0
       0
       0
       0
       1
       1
       0
       0
       0
       0
       0
       1
       1
       0
       0
       0
       2
       0
       0
       0
       0
       0
       0
       1
       1
       0
       0
       1
       0
       0
       1
       1
       1
       0
       0
       0
       1
       0
       2
       0
       0
       0
       2
       0
       1
       0
       0
       0
       0
       1
       1
       1
       0
       0
       0
       0
       1
       0
       1
       1
       1
       0
       0
       0
       2
       0
       1
       0
       1
       1
       2
       1
       0
       0
       0
       1
       1
       0
       0
       0
       1
       0
       0
       2
       0
       0
       0
       0
       0
       0
       0
       1
       1
       1
       0
       1
       1
       1
       1
       0
       1
       1
       0
       0
       0
       0
       0
       0
       1
       0
       2
       0
       0
       0
       1
       0
       1
       0
       0
       1
       0
       1
       0
       1
       0
       0
       2
       2
       1
       0
       0
       1
       0
       1
       3
       1
       0
       0
       3
       0
       1
       1
       1
       0
       1
       0
       1
       1
       0
       0
       1
       0
       0
       0
       2
       0
       1
       1
       1
       0
       1
       0
       0
       0
       1
       0
       0
       0
       1
       1
       1
       1
       0
       0
       2
       0
       0
       2
       0
       0
       0
       0
       1
       1
       0
       1
       3
       1
       0
       0
       0
       0
       0
       0
       1
       0
       0
       0
       0
       0
       0
       0
       1
       0
       1
       0
       1
       0
       0
       0
       0
       1
       0
       2
       1
       0
       2
       0
       1
       1
       0
       0
       2
       0
       1
       0
       0
       0
       0
       0
       1
       1
       0
       0
       1
       0
       0
       1
       1
       0
       0
       0
       1
       1
       1
       0
       0
       0
       0
       0
       0
       0
       0
       0
       1
       0
       0
       1
       1
       0
       0
       0
       1
       1
       0
       0
       1
       3
       2
       0
       1
       0
       0
       0
       0
       0
       1
       0
       1
       0
       1
       0
       0
       1
       0
       1
       0
       0
       0
       1
       0
       0
       0
       0
       0
       0
       0
       1
       0
       0
       1
       0
       1
       1
       1
       1
       0
       0
       0
       0
       1
       0
       1
       0
       1
       0
       0
       0
       0
       0
       1
       0
       0
       0
       1
       0
       0
       0
       1
       1
       1
       0
       0
       0
       0
       1
       0
       0
       0
       0
       0
       0
       0
       0
       0
       1
       0
       1
       1
       0
       0
       0
       0
       0
       0
       0
       0
       0
       0
       0
       0
       0
       1
       1
       0
       0
       1
       0
       0
       0
       0
       0
       0
       0
       0
       1
       0
       0
       1
       2
       1
       1
       0
       0
       0
       0
       1
       0
       0
       0
       0
       0
       0
       0
       0
       1
       0
       0
       0
       1
       0
       0
       0
       0
       1
       0
       1
       0
       0
       3
       0
       0
       0
       1
       0
       1
       0
       0
       1
       0
       0
       1
       0
       0
       0
       1
       0
       0
       0
       0
       2
       1
       0
       0
       0
       0
       0
       0
       0
       0
       0
       0
       0
       0
       0
       0
       0
       0
       1
       0
       1
       1
       0
       0
       2
       0
       0
       0
       0
       1
       0
       0
       0
       0
       1
       0
       0
       0
       1
       1
       1
       0
       1
       0
       0
       1
       0
       0
       0
       0
       0
       1
       0
       0
       0
       1
       0
       0
       1
       0
       0
       0
       0
       0
       3
       0
       1
       0
       0
       0
       0
       1
       0
       0
       0
       0
       0
       0
       0
       0
       0
       0
       0
       0
       0
       0
       0
       1
       0
       0
       0
       0
       0
       1
       0
       3
       1
       0
       1
       0
       0
       1
       2
       0
       1
       1
       1
       1
       0
       1
       1
       0
       1
       0
       0
       0
       2
       0
       1
       1
       1
       0
       1
       0
       0
       3
       1
       0
       0
       1
       4
       1
       1
       1
       0
       0
       2
       0
       1
       0
       2
       1
       0
       0
       0
       1
       0
       1
       0
       0
       0
       0
       1
       0
       0
       0
       0
       2
       1
       0
       1
       0
       0
       1
       0
       0
       1
       0
       0
       0
       0
       0
       0
       1
       2
       1
       0
       2
       1
       0
       0
       1
       0
       1
       1
       0
       1
       0
       0
       1
       1
       0
       1
       1
       1
       1
       2
       0
       0
       2
       1
       1
       1
       0
       0
       1
       1
       2
       1
       0
       0
       0
       0
       0
       3
       2
       1
       2
       0
       1
       1
       0
       2
       0
       2
       0
       2
       0
       0
       0
       1
       0
       1
       3
       0
       1
       0
       1
       0
       1
       2
       1
       0
       1
       0
       0
       1
       0
       0
       1
       0
       0
       0
       0
       1
       0
       2
       0
       0
       2
       0
       3
       0
       1
       1
       1
       1
       1
       0
       3
       2
       0
       1
       2
       2
       2
       1
       0
       2
       0
       0
       0
       2
       0
       0
       0
       0
       0
       0
       0
       0
       1
       0
       2
       0
       0
       0
       1
       6
       2
       0
       0
       0
       1
       0
       0
       4
       0
       1
       0
       0
       0
       0
       1
       0
       0
       0
       0
       1
       2
       0
       0
       3
       3
       1
       2
       1
       0
       4
       4
       2
       1
       6
       4
       4
       3
       2
       1
       5
       1
       6
       2
       2
       3
       0
       1
       0
       2
       1
       1
       0
       2
       0
       0
       0
       0
       0
       2
       0
       0
       2
       0
       0
       0
       2
       4
       0
       0
       0
       1
       0
       1
       1
       1
       0
       1
       2
       1
       1
       0
       1
       0
       0
       0
       0
       1
       1
       1
       2
       2
       2
       3
       0
       2
       2
       2
       1
       0
       1
       1
       0
       1
       1
       0
       1
       0
       0
       1
       2
       2
       1
       2
       1
       2
       1
       0
       1
       0
       1
       4
       0
       1
       0
       0
       2
       1
       0
       1
       3
       1
       0
       0
       0
       0
       1
       0
       4
       2
       3
       1
       1
       1
       1
       1
       1
       4
       1
       5
       0
       0
       2
       0
       2
       0
       2
       4
       4
       2
       3
       0
       1
       4
       3
       4
       3
       1
       3
       7
       6
       2
       8
      10
      15
      12
       9
      15
       7
      19
      18
      26
      31
      25
      43
      50
      60
      67
      72
      89
     116
     123
     108
     126
     165
     171
     192
     195
     240
     235
     287
     298
     286
     362
     345
     349
     363
     338
     334
     350
     333
     311
     274
     270
     236
     192
     186
     157
     119
     114
      69
      51
      54
      61
      45
      41
      31
      28
      29
      40
      19
      19
      21
      29
      27
      28
      16
      17
      16
      10
      15
       6
      13
      10
       5
       8
       3
       6
       3
       1
       2
       0
       0
       1
       0
       0
       1
       0
       0
       0
       0
       0
       0
       0
       0
       0
       0
       0
       0
       0
       0
       0
       0
       0
       0
       0
       0
       0
       0
       0
       0
       0
       0
       0
       0
       0
       0
       0
       0
       0
       0
       0
       0
       0
       0
       0
       0
       0
       0
       0
       0
       0
       0
       0
       0
       0
       0
       0
       0
       0
       0
       0
       0
       0
       0
       0
       0
       0
       0
       0
       0
       0
       0
       0
       0
       0
       0
       0
       0
       0
       0
       0
       0
       0
       0
       0
       0
       0
       0
       0
       0
       0
       0
       0
       0
       0
       0
       0
       0
       0
       0
       0
       0
       0
       0
       0
       0
       0
       0
       1
       0
       0
       0
       0
       0
       0
       0
       0
       0
       0
       0
       0
       0
       0
       0
       0
       0
       0
       0
       0
       0
       0
       1
       0
       0
       0
       0
       0
       0
       0
       0
       0
       0
       0
       0
       0
       0
       0
       0
       0
       0
       0
       0
       0
       0
       0
       0
       0
       0
       0
       0
       0
       0
       0
       0
       0
       0
       0
       0
       0
       0
       0
       0
       0
       0
       0
       0
       0
       0
       0
       0
       0
       0
       0
       0
       0
       0
       0
       0
       0
       0
       0
       0
       0
       0
       0
       0
       0
       0
       0
       0
       0
       0
       0
       0
       0
       0
       0
       0
       0
       0
       0
       0
       0
       0
       0
       0
       0
       0
       0
       0
       0
       0
       0
       0
       0
       0
       0
       0
       0
       0
       0
       0
       0
       0
       0
       0
       0
       0
       0
       0
       0
       0
       0
       0
       0
       0
       0
       0
       0
       0
       0
       0
       0
       0
       0
       0
       0
       0
       0
       0
       0
       0
       0
       0
       0
       0
       0
       0
       0
       0
       0
       0
       0
       0
       0
       0
       0
       0
       0
       0
       0
       0
       0
       0
       0
       0
       0
       0
       0
       0
       0
       0
       0
       0
       0
       0
       0
       0
       0
       0
       0
       0
       0
       0
       0
       0
       0
       0
       0
       0
       0
       0
       0
       0
       0
       0
       0
       0
       0
       0
       0
       0
       0
       0
       0
       0
       0
       0
       0
       0
       0
       0
       0
       0
       0
       0
       0
       0
       0
       0
       0
       0
       0
       0
       0
       0
       0
       0
       0
       0
       0
       0
       0
       0
       0
       0
       0
       0
       0
       0
       0
       0
       0
       0
       0
       0
       0
       0
       0
       0
       0
       0
       0
       0
       0
       0
       0
       0
       0
       0
       0
       0
       0
       0
       0
       0
       0
       0
       0
       0
       0
       0
       0
       0
       0
       0
       0
       0
       0
       0
       0
       0
       0
       0
$ROI:
2
147 167
1733 1748
$PRESETS:
Live Time
1000
0
$ENER_FIT:
0.000000 7.496722
$MCA_CAL:
3
0.000000E+000 7.496722E+000 0.000000E+000 keV
$SHAPE_CAL:
3
7.824383E+000 0.000000E+000 0.000000E+000
