$SPEC_ID:
No sample description was entered.
$SPEC_REM:
DET# 1
DETDESC# E-C11SRPLAB222 MCB 129
AP# Maestro Version 7.01
$DATE_MEA:
02/12/2026 15:39:17
$MEAS_TIM:
261 277
$DATA:
0 2047
       0
       0
       0
       0
       0
       0
       0
       0
       0
       0
       0
       0
       0
       0
       0
       0
       0
       0
       0
       0
       0
       0
       0
       0
       0
       0
       0
       0
       0
       0
       0
       0
       0
       0
       0
       0
       0
       0
       0
       0
       0
       0
       0
       0
       0
       0
       0
       0
       0
       2
      37
      16
       8
       3
       1
       1
       1
       0
       0
       2
       0
       0
       0
       1
       0
       1
       1
       0
       0
       0
       0
       2
       0
       1
       1
       1
       0
       1
       0
       0
       0
       1
       1
       0
       0
       0
       1
       0
       0
       0
       1
       0
       0
       1
       1
       1
       0
       0
       0
       0
       0
       0
       1
       0
       3
       1
       0
       0
       0
       0
       1
       1
       0
       0
       0
       0
       1
       1
       1
       1
       0
       2
       0
       2
       0
       0
       0
       1
       3
       2
       0
       0
       4
       3
       0
       1
       2
       0
       0
       3
       0
       4
       1
       2
       3
       0
       2
       0
       2
       3
       0
       3
       2
       0
       0
       0
       4
       0
       1
       3
       1
       0
       1
       0
       0
       1
       1
       0
       0
       2
       0
       2
       2
       0
       1
       0
       2
       2
       1
       0
       0
       0
       1
       0
       1
       1
       0
       0
       0
       1
       2
       1
       2
       4
       1
       0
       2
       1
       3
       1
       2
       2
       2
       3
       6
       2
       1
       2
       1
       1
       0
       1
       0
       0
       1
       2
       4
       2
       1
       1
       0
       1
       2
       2
       7
       0
       0
       0
       1
       1
       2
       0
       0
       2
       2
       1
       1
       1
       4
       1
       1
       1
       1
       1
       2
       0
       1
       3
       1
       1
       1
       0
       1
       1
       1
       3
       0
       1
       2
       1
       2
       0
       1
       1
       0
       0
       1
       1
       2
       0
       2
       1
       1
       0
       0
       1
       0
       1
       2
       2
       0
       0
       1
       1
       0
       0
       1
       1
       2
       0
       0
       0
       1
       0
       0
       3
       3
       1
       3
       0
       0
       1
       0
       0
       0
       1
       1
       2
       1
       0
       1
       2
       2
       2
       3
       0
       0
       0
       3
       2
       1
       0
       2
       1
       0
       2
       2
       2
       0
       0
       0
       1
       1
       0
       0
       0
       1
       1
       1
       2
       1
       0
       2
       0
       0
       1
       0
       3
       0
       1
       0
       0
       4
       2
       2
       1
       0
       0
       2
       2
       2
       1
       1
       2
       2
       6
       1
       2
       2
       0
       1
       1
       1
       1
       1
       2
       0
       0
       0
       1
       2
       0
       1
       0
       2
       3
       1
       1
       2
       3
       0
       0
       1
       0
       0
       1
       1
       0
       0
       0
       3
       2
       1
       2
       1
       1
       2
       1
       2
       1
       4
       1
       2
       2
       0
       2
       4
       1
       1
       1
       1
       1
       1
       1
       2
       0
       0
       2
       1
       0
       4
       0
       1
       1
       2
       1
       1
       1
       1
       1
       2
       0
       0
       0
       2
       1
       2
       1
       2
       1
       0
       2
       1
       4
       1
       1
       1
       1
       5
       2
       1
       0
       0
       0
       0
       0
       0
       1
       2
       2
       2
       0
       2
       0
       1
       2
       1
       4
       1
       3
       1
       2
       1
       1
       1
       3
       1
       1
       1
       1
       2
       2
       1
       0
       2
       0
       1
       2
       2
       3
       0
       0
       0
       2
       0
       2
       1
       1
       1
       1
       1
       2
       0
       1
       1
       3
       0
       1
       1
       1
       1
       1
       1
       1
       1
       2
       0
       2
       0
       3
       0
       1
       0
       2
       1
       3
       0
       1
       0
       0
       2
       1
       1
       1
       1
       0
       0
       0
       2
       3
       0
       1
       0
       3
       2
       0
       1
       2
       0
       2
       3
       2
       1
       0
       0
       1
       1
       2
       0
       0
       3
       1
       1
       1
       1
       4
       0
       2
       1
       0
       3
       2
       0
       1
       0
       2
       0
       3
       1
       0
       3
       0
       0
       1
       1
       1
       1
       0
       0
       0
       0
       1
       3
       2
       0
       3
       0
       2
       1
       2
       0
       1
       2
       0
       1
       0
       1
       0
       2
       0
       1
       2
       0
       3
       0
       0
       1
       1
       2
       1
       0
       0
       0
       2
       1
       1
       1
       0
       0
       3
       2
       0
       3
       1
       1
       0
       1
       2
       1
       2
       0
       1
       2
       1
       1
       2
       0
       0
       1
       2
       0
       1
       0
       1
       0
       2
       1
       1
       0
       1
       0
       0
       0
       1
       1
       0
       1
       0
       1
       1
       0
       0
       2
       3
       1
       1
       1
       1
       1
       0
       1
       1
       2
       1
       0
       1
       1
       0
       3
       2
       1
       0
       1
       1
       1
       0
       2
       1
       0
       1
       0
       2
       0
       0
       4
       3
       1
       2
       2
       0
       2
       0
       2
       0
       1
       0
       2
       0
       2
       0
       1
       1
       0
       4
       0
       1
       1
       0
       1
       0
       1
       5
       1
       2
       1
       2
       3
       1
       2
       2
       2
       1
       0
       0
       1
       0
       2
       1
       2
       0
       0
       1
       2
       4
       3
       2
       0
       1
       6
       0
       4
       1
       3
       3
       1
       2
       3
       2
       3
       2
       1
       1
       1
       1
       0
       1
       2
       1
       3
       1
       0
       1
       3
       4
       0
       0
       1
       0
       0
       0
       0
       1
       1
       0
       3
       2
       3
       3
       2
       0
       0
       0
       0
       2
       1
       1
       0
       0
       0
       0
       1
       3
       3
       1
       0
       1
       0
       1
       0
       1
       0
       0
       0
       1
       1
       2
       2
       2
       2
       1
       0
       2
       1
       0
       2
       1
       2
       0
       2
       0
       1
       1
       1
       1
       1
       4
       2
       1
       0
       0
       2
       1
       1
       1
       1
       0
       1
       2
       2
       1
       2
       0
       1
       0
       2
       0
       1
       1
       2
       1
       1
       2
       2
       0
       1
       3
       0
       1
       0
       1
       3
       0
       0
       2
       1
       0
       0
       1
       1
       1
       0
       2
       0
       0
       1
       1
       1
       2
       1
       1
       2
       2
       0
       4
       1
       0
       1
       0
       0
       0
       1
       1
       0
       1
       1
       0
       0
       0
       1
       1
       0
       2
       0
       1
       0
       2
       2
       2
       1
       1
       1
       0
       0
       2
       2
       2
       1
       0
       2
       2
       1
       2
       0
       3
       1
       1
       2
       1
       1
       0
       0
       1
       0
       1
       0
       2
       1
       2
       1
       1
       1
       1
       1
       2
       0
       2
       1
       1
       0
       1
       1
       2
       0
       1
       1
       0
       2
       5
       1
       1
       0
       0
       0
       2
       0
       0
       0
       1
       0
       1
       0
       2
       2
       1
       0
       1
       1
       0
       1
       1
       0
       2
       0
       3
       2
       3
       0
       0
       1
       1
       1
       2
       1
       1
       0
       2
       1
       2
       1
       2
       1
       2
       2
       0
       3
       0
       0
       1
       1
       0
       2
       0
       1
       3
       1
       1
       0
       1
       0
       3
       1
       1
       2
       2
       2
       2
       1
       1
       0
       0
       1
       2
       0
       0
       0
       3
       2
       1
       1
       0
       0
       0
       2
       0
       0
       1
       4
       0
       1
       2
       0
       1
       1
       2
       1
       1
       3
       1
       1
       0
       0
       0
       0
       0
       1
       2
       1
       3
       3
       5
       0
       0
       0
       0
       1
       0
       2
       0
       0
       0
       1
       0
       0
       2
       1
       0
       2
       1
       2
       0
       0
       1
       1
       1
       1
       0
       0
       0
       2
       0
       2
       2
       1
       0
       1
       0
       1
       1
       1
       0
       2
       1
       0
       0
       0
       1
       0
       1
       2
       2
       1
       4
       0
       0
       2
       1
       1
       2
       1
       3
       1
       0
       1
       1
       0
       1
       0
       3
       0
       0
       0
       1
       0
       1
       2
       1
       1
       0
       1
       4
       0
       0
       0
       0
       0
       1
       2
       1
       1
       1
       2
       1
       0
       3
       2
       1
       3
       4
       3
       0
       0
       0
       1
       0
       0
       0
       0
       1
       0
       2
       1
       3
       1
       2
       5
       2
       1
       3
       2
       1
       0
       0
       0
       4
       2
       1
       0
       0
       3
       0
       0
       2
       4
       0
       2
       1
       2
       2
       0
       0
       2
       2
       1
       1
       2
       1
       1
       1
       0
       2
       1
       0
       3
       0
       1
       1
       1
       0
       0
       2
       0
       6
       0
       0
       1
       3
       1
       2
       0
       3
       1
       0
       1
       2
       0
       2
       1
       2
       3
       2
       1
       3
       1
       2
       2
       2
       1
       0
       2
       2
       4
       1
       3
       1
       2
       2
       1
       2
       4
       1
       2
       2
       1
       1
       0
       1
       2
       1
       1
       0
       1
       2
       4
       5
       4
       0
       1
       4
       0
       2
       3
       0
       0
       0
       1
       1
       5
       3
       2
       3
       1
       4
       1
       2
       1
       2
       6
       1
       2
       2
       0
       2
       1
       1
       2
       3
       2
       1
       0
       1
       0
       2
       0
       3
       2
       3
       1
       2
       1
       1
       2
       3
       2
       2
       3
       2
       0
       4
       3
       2
       3
       3
       2
       3
       1
       2
       3
       1
       2
       0
       2
       1
       2
       4
       4
       3
       0
       0
       0
       1
       1
       2
       1
       1
       2
       3
       1
       5
       2
       5
       6
       3
       5
       7
       1
       4
       2
       4
       7
       5
       3
       9
       8
      10
      10
       4
       7
       9
       9
      14
       6
      10
      11
       6
      12
       3
       8
       5
       8
       4
       6
       3
       8
       2
       4
       4
       1
       4
       4
       2
       0
       3
       3
       4
       4
       2
       2
       4
       2
       1
       3
       2
       1
       2
       1
       1
       2
       1
       5
       1
       3
       1
       3
       1
       2
       5
       3
       3
       2
       4
       0
       1
       0
       1
       3
       2
       6
       1
       4
       0
       1
       1
       4
       2
       0
       0
       4
       0
       6
       1
       3
       8
       2
       2
       2
       1
       4
       0
       1
       1
       2
       1
       6
       3
       5
       1
       5
       1
       5
       2
       3
       5
       4
       5
       2
       3
       5
       5
       3
       2
       2
       2
       5
       1
       2
       1
       3
       1
       6
       5
       4
       2
       4
       7
       4
       4
      12
       2
       5
       4
       6
       7
       8
       6
       7
       8
       9
       6
      17
      14
      11
      14
      15
       8
       6
      19
      25
      24
      29
      40
      37
      65
      42
      64
      73
      73
     105
      94
     147
     162
     179
     237
     244
     288
     351
     393
     466
     468
     485
     540
     609
     711
     725
     852
     849
     986
     999
    1017
    1069
    1022
    1066
    1064
     994
     939
     824
     783
     706
     608
     467
     408
     368
     282
     249
     200
     138
     156
     111
     131
     107
     111
     113
      86
     109
      98
      88
      64
      89
      60
      71
      53
      54
      40
      33
      34
      28
      24
      18
      17
      11
      13
      10
       8
       4
       8
       4
       1
       2
       0
       2
       0
       0
       0
       0
       0
       0
       1
       0
       0
       0
       0
       0
       0
       0
       0
       0
       0
       0
       0
       0
       0
       0
       0
       0
       0
       0
       0
       0
       0
       0
       0
       0
       0
       0
       0
       0
       0
       0
       0
       0
       0
       0
       0
       0
       0
       0
       0
       0
       0
       0
       0
       0
       0
       0
       0
       0
       0
       0
       0
       0
       0
       0
       0
       0
       0
       0
       0
       0
       0
       0
       0
       0
       0
       0
       0
       0
       0
       0
       0
       0
       0
       1
       0
       0
       0
       0
       0
       0
       0
       0
       0
       0
       0
       0
       0
       0
       0
       0
       0
       0
       0
       0
       0
       0
       0
       0
       0
       0
       0
       0
       0
       0
       0
       0
       0
       0
       0
       0
       0
       0
       0
       0
       0
       0
       0
       0
       0
       0
       0
       0
       0
       0
       0
       0
       0
       0
       0
       0
       0
       0
       0
       0
       0
       0
       0
       0
       0
       0
       0
       0
       0
       0
       0
       0
       0
       0
       0
       0
       0
       0
       0
       0
       0
       0
       0
       0
       0
       0
       0
       0
       0
       0
       0
       0
       0
       0
       0
       0
       0
       0
       0
       0
       0
       0
       0
       0
       0
       0
       0
       0
       1
       0
       0
       0
       0
       0
       0
       0
       0
       0
       0
       0
       0
       0
       0
       0
       0
       0
       0
       0
       0
       0
       0
       0
       0
       0
       0
       0
       0
       0
       0
       0
       0
       0
       0
       0
       0
       0
       0
       0
       0
       0
       0
       0
       0
       0
       0
       0
       0
       0
       0
       0
       0
       0
       0
       0
       0
       0
       1
       0
       0
       0
       0
       0
       0
       0
       0
       0
       0
       0
       0
       0
       0
       0
       0
       0
       0
       0
       0
       0
       0
       0
       0
       0
       0
       0
       0
       0
       0
       0
       0
       0
       0
       0
       0
       0
       0
       0
       0
       0
       0
       0
       0
       0
       0
       0
       0
       0
       0
       0
       0
       0
       0
       0
       0
       0
       0
       0
       0
       0
       0
       0
       0
       0
       0
       0
       0
       0
       0
       0
       0
       0
       0
       0
       0
       0
       0
       0
       0
       0
       0
       0
       0
       0
       0
       0
       0
       0
       0
       0
       0
       0
       0
       0
       0
       0
       0
       0
       0
       0
       0
       0
       0
       0
       0
       0
       0
       0
       0
       0
       0
       0
       0
       0
       0
       0
       0
       0
       0
       0
       0
       0
       0
       0
       0
       0
       0
       0
       0
       0
       0
       0
       0
       0
       0
       0
       0
       0
       0
       0
       0
       0
       0
       0
       0
       0
       0
       0
       0
       0
       0
       0
       0
       0
       0
       0
       0
       0
       0
$ROI:
1
1561 1617
$PRESETS:
Live Time
1000
0
$ENER_FIT:
0.000000 7.496722
$MCA_CAL:
3
0.000000E+000 7.496722E+000 0.000000E+000 keV
$SHAPE_CAL:
3
7.824383E+000 0.000000E+000 0.000000E+000
