$SPEC_ID:
No sample description was entered.
$SPEC_REM:
DET# 1
DETDESC# E-C11SRPLAB222 MCB 129
AP# Maestro Version 7.01
$DATE_MEA:
02/12/2026 14:18:53
$MEAS_TIM:
191 192
$DATA:
0 2047
       0
       0
       0
       0
       0
       0
       0
       0
       0
       0
       0
       0
       0
       0
       0
       0
       0
       0
       0
       0
       0
       0
       0
       0
       0
       0
       0
       0
       0
       0
       0
       0
       0
       0
       0
       0
       0
       0
       0
       0
       0
       0
       0
       0
       0
       0
       0
       0
       0
       0
      18
      18
      14
       6
       2
       3
       1
       2
       0
       0
       0
       0
       1
       0
       0
       0
       0
       0
       0
       0
       0
       0
       0
       1
       2
       1
       1
       0
       0
       0
       0
       0
       1
       0
       1
       1
       0
       2
       0
       3
       0
       0
       0
       0
       0
       1
       1
       0
       1
       1
       1
       0
       2
       3
       0
       1
       0
       0
       0
       1
       0
       0
       1
       1
       1
       0
       2
       0
       2
       1
       0
       2
       0
       1
       0
       0
       1
       0
       2
       1
       0
       0
       0
       0
       0
       1
       0
       1
       1
       0
       1
       0
       1
       0
       1
       1
       0
       1
       1
       0
       1
       0
       0
       0
       0
       0
       0
       2
       2
       1
       0
       1
       0
       0
       0
       0
       2
       0
       1
       0
       0
       1
       0
       0
       3
       2
       1
       2
       1
       0
       0
       0
       0
       0
       0
       0
       1
       0
       0
       1
       0
       0
       0
       0
       0
       0
       1
       0
       0
       0
       0
       1
       0
       1
       1
       1
       3
       2
       0
       1
       1
       0
       2
       1
       1
       0
       0
       0
       1
       0
       0
       0
       0
       2
       0
       0
       1
       0
       0
       0
       0
       1
       2
       0
       0
       0
       0
       2
       0
       1
       0
       0
       0
       2
       0
       1
       2
       0
       0
       1
       1
       1
       0
       0
       0
       0
       0
       1
       0
       0
       0
       0
       2
       1
       1
       0
       0
       0
       0
       1
       1
       1
       0
       0
       1
       0
       0
       0
       0
       0
       0
       0
       2
       0
       1
       2
       1
       1
       1
       1
       0
       1
       0
       0
       0
       1
       0
       0
       0
       0
       0
       0
       0
       0
       2
       1
       1
       0
       0
       1
       1
       0
       0
       1
       0
       1
       2
       0
       0
       1
       1
       1
       0
       3
       1
       0
       1
       1
       0
       0
       1
       1
       0
       2
       0
       0
       0
       1
       0
       0
       0
       1
       1
       0
       0
       0
       0
       0
       0
       0
       1
       0
       0
       0
       0
       0
       1
       0
       1
       0
       1
       0
       0
       1
       0
       0
       0
       2
       0
       2
       0
       0
       1
       0
       0
       0
       0
       1
       0
       0
       0
       0
       0
       0
       0
       1
       1
       1
       0
       1
       1
       0
       0
       0
       0
       1
       1
       0
       0
       4
       0
       0
       0
       0
       1
       0
       2
       0
       1
       1
       1
       0
       1
       1
       0
       0
       0
       0
       0
       0
       0
       0
       3
       0
       0
       0
       0
       0
       0
       1
       0
       1
       0
       0
       1
       0
       0
       0
       1
       0
       2
       0
       0
       0
       0
       0
       0
       0
       0
       0
       0
       0
       0
       0
       1
       0
       0
       0
       0
       0
       0
       0
       0
       0
       0
       1
       1
       0
       0
       0
       0
       0
       0
       0
       1
       0
       0
       1
       0
       0
       1
       0
       1
       0
       0
       0
       0
       0
       0
       0
       0
       2
       1
       1
       0
       1
       1
       0
       0
       1
       0
       0
       1
       2
       0
       2
       0
       0
       1
       1
       0
       0
       1
       0
       0
       0
       2
       1
       1
       1
       0
       0
       0
       3
       0
       0
       2
       1
       1
       1
       0
       0
       0
       1
       2
       1
       2
       0
       1
       0
       0
       1
       0
       1
       0
       0
       1
       0
       0
       1
       1
       2
       0
       2
       1
       1
       1
       0
       0
       0
       0
       2
       0
       1
       0
       1
       1
       1
       1
       0
       1
       1
       0
       2
       0
       0
       0
       1
       1
       0
       0
       1
       1
       0
       0
       0
       1
       0
       2
       1
       0
       1
       0
       0
       1
       0
       1
       1
       0
       1
       0
       0
       0
       0
       0
       0
       1
       0
       0
       0
       2
       1
       0
       0
       0
       0
       1
       0
       0
       0
       1
       0
       0
       0
       1
       1
       1
       0
       0
       1
       0
       2
       0
       1
       0
       0
       0
       1
       0
       1
       1
       1
       0
       2
       0
       0
       0
       1
       0
       0
       0
       0
       0
       0
       1
       2
       0
       0
       0
       0
       0
       0
       1
       0
       0
       1
       1
       0
       1
       0
       0
       0
       0
       0
       0
       0
       0
       0
       0
       0
       0
       0
       0
       1
       0
       1
       1
       0
       0
       0
       0
       0
       0
       0
       0
       0
       1
       0
       1
       1
       1
       0
       0
       0
       0
       0
       0
       1
       0
       0
       0
       1
       0
       1
       2
       1
       0
       0
       0
       0
       0
       0
       0
       0
       0
       0
       0
       0
       0
       0
       0
       2
       1
       0
       1
       0
       0
       0
       0
       1
       0
       0
       1
       1
       0
       0
       2
       0
       0
       0
       1
       0
       0
       1
       1
       1
       0
       1
       0
       1
       0
       1
       0
       1
       0
       1
       0
       2
       1
       0
       1
       1
       0
       0
       0
       1
       0
       0
       1
       0
       0
       1
       0
       0
       2
       1
       1
       0
       4
       0
       2
       2
       0
       2
       1
       1
       1
       0
       0
       0
       0
       0
       1
       1
       1
       1
       2
       2
       3
       3
       1
       2
       0
       1
       0
       2
       1
       2
       1
       3
       0
       1
       2
       3
       2
       3
       2
       1
       2
       2
       0
       2
       3
       1
       0
       2
       1
       1
       0
       1
       1
       0
       0
       1
       1
       2
       1
       0
       2
       1
       1
       1
       0
       0
       0
       0
       0
       0
       2
       3
       1
       1
       2
       2
       3
       0
       1
       3
       5
       3
       0
       1
       3
       1
       0
       4
       0
       1
       2
       1
       1
       3
       1
       2
       1
       2
       2
       2
       0
       1
       0
       2
       0
       2
       0
       0
       1
       2
       1
       1
       1
       0
       0
       2
       1
       1
       1
       2
       1
       2
       0
       1
       3
       0
       1
       0
       3
       0
       2
       1
       2
       0
       0
       0
       1
       1
       1
       0
       0
       0
       2
       2
       0
       1
       3
       2
       2
       0
       0
       1
       0
       1
       0
       1
       1
       2
       2
       0
       1
       1
       1
       1
       1
       2
       1
       2
       1
       2
       0
       2
       0
       2
       0
       1
       1
       1
       3
       2
       2
       0
       2
       2
       4
       0
       2
       3
       0
       1
       2
       0
       0
       4
       1
       2
       1
       3
       4
       3
       2
       5
       1
       5
       2
       6
       4
       1
       1
       6
       7
      11
       9
      10
       2
       6
      11
       6
      16
      14
      15
       9
      14
      13
      10
      15
       9
      10
      19
      23
      20
      16
      18
      21
      17
      21
      16
      25
      23
      24
      29
      35
      38
      30
      39
      41
      39
      54
      51
      39
      40
      49
      32
      44
      54
      47
      58
      59
      67
      64
      70
      69
      55
      64
      64
      59
      72
      81
      76
      83
      81
      90
      70
      78
     100
      84
      79
      86
     123
     106
     106
     122
     106
      93
     106
     108
      98
     114
     121
      93
     106
     102
     100
     116
     102
     108
     120
     122
     119
     117
     126
     111
      98
     100
      99
     105
     105
     104
     101
     100
     101
      95
     108
      85
     106
      98
      82
      90
      71
      84
      93
      78
      79
      80
      82
      72
      62
      59
      68
      69
      53
      46
      44
      60
      45
      42
      50
      48
      39
      35
      26
      43
      41
      34
      29
      19
      20
      24
      17
      14
      28
      18
      13
      13
      21
      13
      20
      14
      16
      15
      16
      13
       7
      11
      15
      10
       8
       7
       4
       6
       9
       4
       4
       5
       3
       2
       6
       4
       1
       2
       2
       5
       2
       0
       1
       3
       0
       2
       3
       2
       2
       3
       1
       0
       3
       0
       0
       0
       3
       1
       0
       0
       0
       0
       0
       0
       1
       0
       1
       0
       0
       0
       0
       0
       0
       0
       0
       0
       0
       0
       0
       0
       0
       0
       2
       0
       0
       0
       0
       0
       0
       0
       0
       0
       0
       0
       0
       0
       0
       0
       0
       0
       0
       0
       0
       0
       0
       0
       0
       0
       0
       0
       0
       0
       0
       0
       0
       0
       0
       0
       0
       0
       0
       0
       0
       0
       0
       0
       0
       0
       0
       0
       0
       0
       0
       0
       0
       0
       0
       0
       0
       0
       0
       0
       0
       0
       0
       0
       0
       0
       0
       0
       0
       0
       0
       0
       0
       0
       0
       0
       0
       0
       0
       0
       0
       0
       0
       0
       0
       0
       0
       0
       0
       0
       0
       0
       0
       0
       0
       0
       0
       0
       0
       0
       0
       0
       0
       0
       0
       0
       0
       1
       0
       0
       0
       0
       0
       0
       0
       0
       0
       0
       0
       0
       0
       0
       0
       0
       0
       0
       0
       0
       0
       0
       0
       0
       0
       0
       0
       0
       0
       0
       0
       0
       0
       0
       0
       0
       0
       0
       0
       0
       0
       0
       0
       0
       0
       0
       0
       0
       0
       0
       0
       0
       0
       0
       0
       0
       0
       0
       0
       0
       0
       0
       0
       0
       0
       1
       0
       0
       0
       0
       0
       0
       0
       0
       0
       0
       0
       0
       0
       0
       0
       0
       0
       0
       0
       0
       0
       0
       0
       0
       0
       0
       0
       0
       0
       0
       0
       0
       0
       0
       0
       0
       0
       0
       0
       0
       0
       0
       0
       0
       0
       0
       0
       0
       0
       0
       0
       0
       0
       0
       1
       0
       0
       0
       0
       0
       0
       0
       0
       0
       0
       0
       0
       0
       0
       0
       0
       0
       0
       0
       0
       0
       1
       0
       0
       0
       0
       0
       0
       0
       0
       0
       1
       0
       0
       0
       0
       0
       1
       0
       0
       1
       0
       0
       0
       0
       0
       0
       0
       0
       0
       0
       0
       0
       0
       0
       0
       0
       0
       0
       0
       0
       1
       0
       0
       0
       0
       0
       0
       0
       0
       0
       0
       0
       0
       0
       0
       1
       0
       0
       0
       0
       0
       0
       0
       0
       0
       0
       0
       0
       0
       0
       0
       0
       0
       0
       0
       0
       0
       0
       0
       1
       0
       0
       0
       0
       0
       0
       0
       0
       0
       0
       0
       0
       0
       0
       0
       0
       1
       1
       0
       0
       0
       1
       0
       0
       0
       0
       0
       0
       0
       0
       1
       0
       0
       0
       0
       1
       0
       0
       0
       0
       0
       0
       0
       1
       1
       1
       1
       1
       0
       1
       0
       0
       0
       1
       0
       0
       1
       0
       0
       0
       0
       0
       0
       0
       0
       0
       0
       0
       0
       0
       0
       0
       0
       0
       0
       0
       0
       0
       0
       0
       0
       0
       0
       0
       0
       0
       0
       0
       0
       0
       0
       0
       0
       0
       0
       0
       0
       0
       0
       0
       0
       0
       0
       0
       0
       0
       0
       0
       0
       0
       0
       0
       0
       0
       0
       0
       0
       0
       0
       0
       0
       0
       0
       0
       0
       0
       0
       0
       0
       0
       0
       0
       0
       0
       0
       0
       0
       0
       0
       0
       0
       0
       0
       0
       0
       0
       0
       0
       0
       0
       0
       0
       0
       0
       0
       0
       0
       0
       0
       0
       0
       0
       0
       0
       0
       0
       0
       0
       0
       0
       0
       0
       0
       0
       0
       0
       0
       0
       0
       0
       0
       0
       0
       0
       0
       0
       0
       0
       0
       0
       0
       0
       0
       0
       0
       0
       0
       0
       0
       0
       0
       0
       0
       0
       0
       0
       0
       0
       0
       0
       0
       0
       0
       0
       0
       0
       0
       0
       0
       0
       0
       0
       0
       0
       0
       0
       0
       0
       0
       0
       0
       0
       0
       0
       0
       0
       0
       0
       0
       0
       0
       0
       0
       0
       0
       0
       0
       0
       0
       0
       0
       0
       0
       0
       0
       0
       0
       0
       0
       0
       0
       0
       0
       0
       0
       0
       0
       0
       0
       0
       0
       0
       0
       0
       0
       0
       0
       0
       0
       0
       0
       0
       0
       0
       0
       0
       0
       0
       0
       0
       0
       0
       0
       0
       0
       0
       0
       0
       0
       0
       0
       0
       0
       0
       0
       0
       0
       0
       0
       0
       0
       0
       0
       0
       0
       0
       0
       0
       0
       0
       0
       0
       0
       0
       0
       0
       0
       0
       0
       0
       0
       0
       0
       0
       0
       0
       0
       0
       0
       0
       0
       0
       0
       0
       0
       0
       0
       0
       0
       0
       0
       0
       0
       0
       0
       0
       0
       0
       0
       0
       0
       0
       0
       0
       0
       0
       0
       0
       0
       0
       0
       0
       0
       0
       0
       0
       0
       0
       0
       0
       0
       0
       0
       0
       0
       0
       0
       0
       0
       0
       0
       0
       0
       0
       0
       0
       0
       0
       0
       0
       0
       0
       0
       0
       0
       0
       0
       0
       0
       0
       0
       0
       0
       0
       0
       0
       0
       0
       0
       0
       0
       0
       0
       0
       0
       0
       0
       0
       0
       0
       0
       0
       0
       0
       0
       0
       0
       0
       0
       0
       0
       0
       0
       0
       0
       0
       0
       0
       0
       0
       0
       0
       0
       0
       0
       0
       0
       0
       0
       0
       0
       0
       0
       0
       0
       0
       0
       0
       0
       0
       0
       0
       0
       0
       0
       0
       0
       0
       0
       0
       0
       0
       0
       0
       0
       0
       0
       0
       0
       0
       0
       0
       0
       0
       0
       0
       0
       0
       0
       0
       0
       0
       0
       0
       0
       0
$ROI:
2
167 167
1020 1140
$PRESETS:
Live Time
1000
0
$ENER_FIT:
0.000000 7.496722
$MCA_CAL:
3
0.000000E+000 7.496722E+000 0.000000E+000 keV
$SHAPE_CAL:
3
7.824383E+000 0.000000E+000 0.000000E+000
