$SPEC_ID:
No sample description was entered.
$SPEC_REM:
DET# 1
DETDESC# E-C11SRPLAB222 MCB 129
AP# Maestro Version 7.01
$DATE_MEA:
02/12/2026 16:22:20
$MEAS_TIM:
326 329
$DATA:
0 2047
       0
       0
       1
       0
       0
       0
       0
       0
       0
       0
       0
       0
       0
       0
       0
       0
       0
       0
       0
       0
       0
       0
       0
       0
       0
       0
       0
       0
       0
       0
       0
       0
       0
       0
       0
       0
       0
       0
       0
       0
       0
       0
       0
       0
       0
       0
       0
       0
       0
       0
      14
       9
       3
       3
       1
       1
       3
       0
       1
       1
       0
       1
       0
       1
       2
       0
       0
       2
       2
       0
       0
       1
       0
       1
       3
       1
       2
       1
       0
       3
       1
       1
       0
       0
       2
       0
       1
       1
       1
       1
       1
       1
       0
       1
       1
       1
       1
       0
       3
       1
       0
       0
       1
       4
       1
       1
       2
       1
       0
       0
       1
       1
       1
       0
       0
       3
       1
       0
       0
       1
       3
       0
       2
       0
       2
       3
       2
       1
       4
       1
       1
       0
       3
       0
       0
       0
       0
       0
       0
       0
       0
       2
       1
       1
       0
       2
       0
       1
       1
       0
       1
       1
       4
       1
       3
       1
       1
       2
       2
       2
       4
       0
       1
       1
       0
       2
       1
       3
       0
       2
       1
       1
       1
       2
       0
       1
       2
       2
       2
       2
       0
       3
       2
       0
       1
       1
       3
       2
       4
       1
       2
       0
       1
       0
       0
       3
       0
       0
       0
       3
       1
       4
       2
       1
       1
       0
       2
       3
       0
       1
       1
       2
       0
       2
       0
       3
       1
       0
       1
       0
       0
       1
       1
       1
       2
       2
       2
       0
       0
       1
       2
       3
       1
       1
       0
       0
       3
       3
       0
       2
       0
       1
       2
       1
       2
       0
       1
       1
       4
       0
       0
       2
       2
       1
       1
       0
       0
       1
       0
       2
       2
       2
       0
       1
       0
       0
       1
       1
       0
       4
       1
       1
       0
       0
       1
       2
       0
       0
       0
       0
       2
       0
       1
       1
       1
       2
       3
       1
       1
       4
       4
       1
       1
       2
       1
       0
       1
       1
       0
       2
       2
       2
       2
       3
       1
       2
       0
       0
       0
       2
       5
       2
       2
       1
       2
       1
       0
       2
       0
       0
       2
       1
       1
       0
       0
       0
       0
       0
       0
       0
       1
       1
       0
       1
       1
       0
       1
       0
       2
       0
       2
       0
       1
       1
       0
       0
       0
       0
       1
       2
       2
       0
       0
       1
       1
       0
       0
       2
       2
       0
       1
       0
       0
       1
       1
       1
       1
       1
       1
       3
       2
       2
       2
       1
       1
       1
       1
       0
       1
       0
       0
       0
       1
       1
       1
       1
       1
       2
       0
       0
       1
       1
       1
       1
       1
       0
       0
       2
       2
       1
       0
       1
       1
       1
       2
       1
       1
       0
       0
       0
       1
       0
       2
       0
       1
       0
       0
       1
       0
       2
       2
       0
       0
       2
       1
       2
       0
       2
       1
       1
       0
       0
       0
       1
       1
       2
       0
       2
       1
       1
       1
       1
       2
       2
       0
       2
       2
       0
       1
       2
       1
       0
       1
       2
       1
       1
       1
       1
       2
       2
       2
       0
       0
       1
       0
       1
       0
       2
       1
       1
       1
       1
       1
       0
       1
       2
       1
       2
       1
       2
       0
       0
       3
       1
       0
       0
       3
       0
       3
       1
       1
       1
       2
       2
       2
       0
       0
       2
       2
       2
       2
       3
       4
       2
       2
       1
       1
       1
       0
       0
       1
       0
       2
       3
       1
       1
       1
       2
       3
       2
       5
       2
       3
       0
       2
       6
       3
       2
       2
       0
       1
       0
       1
       0
       0
       4
       2
       4
       2
       1
       1
       4
       0
       2
       0
       0
       0
       2
       1
       0
       2
       0
       0
       1
       2
       1
       0
       2
       1
       0
       3
       4
       1
       0
       1
       1
       0
       1
       0
       2
       0
       0
       2
       1
       1
       0
       2
       0
       3
       0
       2
       1
       1
       0
       1
       0
       0
       3
       2
       1
       0
       0
       3
       1
       0
       1
       3
       0
       2
       0
       0
       1
       2
       1
       1
       2
       0
       0
       0
       2
       0
       2
       0
       0
       2
       2
       0
       0
       2
       1
       0
       0
       2
       0
       2
       1
       0
       0
       1
       0
       0
       1
       0
       0
       1
       2
       0
       1
       0
       2
       2
       0
       0
       0
       0
       1
       0
       1
       0
       1
       3
       0
       1
       2
       3
       1
       1
       0
       1
       0
       1
       0
       0
       0
       0
       2
       3
       0
       0
       0
       1
       2
       0
       0
       1
       0
       1
       2
       3
       1
       2
       2
       0
       0
       3
       1
       0
       0
       0
       0
       0
       1
       0
       0
       1
       2
       1
       1
       0
       4
       2
       1
       1
       0
       5
       1
       0
       2
       2
       0
       2
       1
       1
       0
       0
       1
       0
       2
       1
       0
       1
       2
       0
       0
       3
       0
       4
       1
       2
       0
       0
       3
       3
       4
       0
       2
       1
       3
       2
       0
       0
       0
       0
       0
       0
       2
       3
       1
       1
       3
       2
       0
       3
       1
       2
       1
       2
       1
       4
       3
       0
       0
       2
       0
       1
       0
       0
       1
       2
       2
       2
       4
       0
       3
       3
       2
       2
       1
       2
       1
       1
       7
       1
       0
       2
       3
       0
       1
       3
       5
       4
       4
       1
       4
       2
       1
       1
       3
       2
       1
       2
       1
       0
       1
       3
       1
       3
       2
       2
       3
       4
       3
       1
       4
       2
       3
       1
       6
       5
       3
       1
       4
       0
       0
       2
       2
       1
       3
       2
       6
       2
       4
       2
       2
       6
       4
       5
       5
       4
       5
       4
       0
       7
       5
       1
       4
       7
       3
       3
       4
       1
       4
       5
       3
       1
       6
       2
       5
       4
       1
       3
       1
       2
       2
       7
       3
       3
       2
       6
       0
       1
       2
       3
       1
       3
       5
       1
       1
       5
       2
       3
       2
       3
       3
       2
       5
       2
       1
       7
       2
       4
       3
       1
       1
       7
       4
       2
       2
       0
       5
       3
       3
       7
       3
       3
       1
       2
       2
       1
       3
       5
       2
       6
       4
       5
       2
       0
       1
       2
       4
       4
       4
       3
       5
       1
       3
       1
       2
       2
       3
       4
       1
       1
       1
       5
       2
       1
       3
       1
       2
       3
       1
       1
       4
       1
       5
       3
       0
       6
       3
       8
       5
       4
       2
       5
       5
       5
       3
       2
       3
       2
       4
       4
       2
       1
       4
       5
       6
       3
       4
       8
       6
       3
       6
       5
       7
       5
       3
       8
       4
       8
       6
       7
       9
       9
       9
       7
      10
      13
      11
      11
       6
      11
       8
      17
      19
      16
      16
      14
      19
      20
      20
      15
      28
      29
      29
      28
      20
      33
      32
      33
      35
      42
      43
      30
      34
      42
      46
      42
      58
      63
      60
      62
      58
      57
      68
      76
      79
      82
      81
      84
     105
      92
      88
      96
      98
     119
     117
     118
     117
     127
     136
     154
     142
     146
     139
     157
     152
     151
     172
     184
     172
     160
     177
     178
     178
     227
     178
     191
     202
     242
     206
     200
     254
     247
     249
     230
     246
     245
     214
     263
     228
     263
     253
     237
     237
     240
     273
     267
     264
     247
     227
     257
     237
     267
     242
     270
     275
     268
     223
     234
     229
     219
     230
     251
     223
     202
     222
     209
     220
     188
     197
     203
     188
     199
     185
     191
     145
     168
     185
     138
     144
     146
     129
     147
     120
     127
     125
     109
      95
     116
      92
     100
      73
      84
      95
      71
      58
      75
      52
      72
      63
      51
      43
      38
      52
      54
      50
      47
      47
      31
      33
      25
      28
      23
      22
      25
      26
      18
      25
      21
      19
      16
      14
      16
      13
      19
      13
       9
       7
       9
       9
       7
       3
       8
       7
       9
       5
       6
       2
       3
       5
       4
       0
       1
       5
       2
       1
       1
       2
       3
       1
       2
       1
       1
       3
       3
       1
       0
       1
       0
       0
       0
       0
       0
       1
       0
       0
       0
       0
       0
       0
       1
       0
       0
       1
       0
       1
       0
       0
       0
       0
       0
       0
       0
       1
       0
       0
       0
       0
       0
       0
       0
       0
       0
       0
       0
       0
       0
       0
       0
       0
       0
       0
       0
       0
       0
       0
       0
       0
       0
       0
       0
       0
       0
       0
       0
       0
       0
       0
       0
       0
       0
       0
       0
       0
       0
       0
       0
       0
       0
       0
       0
       0
       0
       0
       0
       0
       0
       0
       0
       0
       0
       0
       0
       0
       0
       0
       0
       0
       0
       0
       0
       0
       0
       0
       0
       0
       0
       0
       0
       0
       0
       0
       0
       0
       0
       0
       0
       0
       0
       0
       0
       0
       0
       0
       0
       0
       0
       0
       0
       0
       0
       0
       0
       0
       0
       0
       0
       0
       0
       0
       0
       0
       0
       0
       0
       0
       0
       0
       0
       0
       0
       0
       0
       0
       0
       0
       0
       0
       0
       0
       0
       0
       0
       0
       1
       0
       0
       0
       0
       0
       0
       0
       0
       0
       0
       0
       0
       0
       0
       0
       0
       0
       0
       0
       0
       0
       1
       0
       0
       0
       0
       0
       0
       0
       0
       0
       0
       0
       0
       0
       0
       0
       0
       0
       0
       0
       0
       0
       0
       0
       0
       0
       0
       0
       0
       0
       0
       0
       0
       0
       0
       0
       0
       0
       1
       1
       0
       0
       0
       0
       0
       0
       0
       0
       0
       0
       0
       0
       0
       0
       0
       1
       0
       0
       0
       0
       1
       0
       0
       0
       0
       1
       0
       0
       1
       0
       0
       0
       0
       0
       1
       0
       0
       0
       0
       0
       0
       0
       0
       0
       0
       0
       0
       0
       0
       0
       0
       0
       0
       0
       0
       0
       1
       0
       0
       0
       0
       1
       0
       0
       0
       0
       0
       0
       0
       0
       0
       0
       0
       0
       0
       1
       0
       0
       0
       0
       0
       0
       0
       1
       0
       0
       0
       0
       0
       0
       0
       0
       0
       0
       1
       0
       0
       0
       0
       1
       0
       1
       0
       1
       0
       1
       0
       0
       0
       0
       2
       0
       0
       0
       0
       0
       0
       1
       1
       0
       1
       0
       0
       0
       0
       0
       1
       1
       0
       0
       0
       0
       0
       2
       1
       0
       0
       0
       0
       0
       0
       0
       0
       0
       0
       1
       0
       0
       0
       0
       1
       0
       0
       0
       0
       0
       0
       0
       1
       0
       0
       1
       0
       1
       1
       0
       2
       0
       1
       0
       0
       1
       0
       0
       1
       1
       0
       0
       0
       0
       0
       0
       2
       1
       0
       2
       0
       1
       0
       0
       0
       0
       0
       0
       0
       0
       0
       0
       0
       0
       0
       0
       0
       0
       0
       0
       0
       0
       1
       0
       0
       0
       0
       0
       0
       0
       0
       0
       0
       0
       0
       0
       0
       0
       0
       0
       0
       0
       0
       0
       0
       0
       0
       0
       0
       0
       0
       0
       0
       0
       0
       0
       0
       0
       0
       0
       0
       0
       0
       0
       0
       0
       0
       0
       0
       0
       0
       0
       0
       0
       0
       0
       0
       0
       0
       0
       0
       0
       0
       0
       0
       0
       0
       0
       0
       0
       0
       0
       0
       0
       0
       0
       0
       0
       0
       0
       0
       0
       0
       0
       0
       0
       0
       0
       0
       0
       0
       0
       0
       0
       0
       0
       0
       0
       0
       0
       0
       0
       0
       0
       0
       0
       0
       0
       0
       0
       0
       0
       0
       0
       0
       0
       0
       0
       0
       0
       0
       0
       0
       0
       0
       0
       0
       0
       1
       0
       0
       0
       0
       0
       0
       0
       0
       0
       0
       0
       0
       0
       1
       0
       0
       0
       0
       0
       0
       0
       0
       0
       0
       0
       0
       0
       0
       0
       0
       0
       0
       0
       0
       0
       0
       0
       0
       0
       0
       0
       0
       0
       0
       0
       0
       0
       0
       0
       0
       0
       0
       0
       0
       0
       0
       0
       0
       0
       0
       0
       0
       0
       0
       0
       0
       0
       0
       0
       0
       0
       0
       0
       0
       0
       0
       0
       0
       0
       0
       0
       0
       0
       0
       0
       0
       0
       0
       0
       0
       0
       0
       0
       0
       0
       0
       0
       0
       0
       0
       0
       0
       0
       0
       0
       0
       0
       0
       0
       0
       0
       0
       0
       0
       0
       0
       0
       0
       0
       0
       0
       0
       0
       0
       0
       0
       0
       0
       0
       0
       0
       0
       0
       0
       0
       0
       0
       0
       0
       0
       0
       0
       0
       0
       0
       0
       0
       0
       0
       0
       0
       0
       0
       0
       0
       0
       0
       0
       0
       0
       0
       0
       0
       0
       0
       0
       0
       0
       0
       0
       0
       0
       0
       0
       0
       0
       0
       0
       0
       0
       0
       0
       0
       0
       0
       0
       0
       0
       0
       0
       0
       0
       0
       0
       0
       0
       0
       0
       0
       0
       0
       0
       0
       0
       0
       0
       0
       0
       0
       0
       0
       0
       0
       0
       0
       0
       0
       0
       0
       0
       0
       0
       0
       0
       0
       0
       0
       0
       0
       0
       0
       0
       0
       0
       0
       0
       0
       0
       0
       0
       0
       0
       0
       0
       0
       0
       0
       0
       0
       0
       0
       0
       0
       0
       0
       0
       0
       0
       0
       0
       0
       0
       0
       0
       0
       0
       0
       0
       0
       0
       0
       0
       0
       0
       0
       0
       0
       0
       0
       0
       0
       0
       0
       0
       0
       0
       0
       0
       0
       0
       0
       0
       0
       0
       0
       0
       0
       0
       0
       0
       0
       0
       0
       0
       0
$ROI:
1
1036 1125
$PRESETS:
Live Time
1000
0
$ENER_FIT:
0.000000 7.496722
$MCA_CAL:
3
0.000000E+000 7.496722E+000 0.000000E+000 keV
$SHAPE_CAL:
3
7.824383E+000 0.000000E+000 0.000000E+000
