$SPEC_ID:
No sample description was entered.
$SPEC_REM:
DET# 1
DETDESC# E-C11SRPLAB222 MCB 129
AP# Maestro Version 7.01
$DATE_MEA:
02/12/2026 16:23:01
$MEAS_TIM:
435 437
$DATA:
0 2047
       0
       0
       0
       0
       0
       0
       0
       0
       0
       0
       0
       0
       0
       0
       0
       0
       0
       0
       0
       0
       0
       0
       0
       0
       0
       0
       0
       0
       0
       0
       0
       0
       0
       0
       0
       0
       0
       0
       0
       0
       0
       0
       0
       0
       0
       0
       0
       0
       0
       2
      19
      15
       7
       7
       1
       1
       0
       1
       2
       0
       1
       1
       0
       2
       1
       2
       1
       1
       4
       0
       1
       5
       3
       2
       6
       1
       1
       1
       3
       0
       2
       3
       4
       2
       1
       0
       1
       0
       2
       4
       1
       2
       1
       4
       1
       1
       0
       2
       1
       3
       1
       1
       2
       3
       2
       1
       0
       2
       0
       3
       1
       3
       3
       4
       3
       6
       1
       1
       3
       0
       0
       1
       2
       2
       1
       4
       0
       1
       2
       1
       2
       2
       2
       0
       3
       0
       0
       3
       1
       0
       3
       2
       3
       3
       2
       1
       2
       1
       4
       2
       1
       5
       1
       1
       0
       0
       0
       1
       0
       2
       1
       2
       4
       0
       2
       2
       1
       4
       1
       0
       1
       1
       2
       4
       2
       4
       3
       0
       0
       1
       1
       1
       0
       1
       0
       0
       3
       2
       1
       2
       3
       2
       1
       3
       1
       0
       3
       1
       5
       2
       2
       2
       0
       1
       3
       1
       2
       2
       4
       0
       1
       1
       2
       1
       3
       1
       2
       2
       1
       2
       1
       3
       2
       2
       0
       1
       1
       3
       1
       3
       3
       1
       0
       1
       3
       2
       1
       7
       0
       2
       2
       1
       1
       2
       4
       1
       4
       2
       3
       0
       1
       1
       2
       1
       0
       3
       4
       0
       2
       1
       1
       5
       2
       4
       1
       2
       1
       4
       2
       1
       3
       0
       3
       2
       2
       1
       2
       3
       2
       2
       1
       1
       2
       0
       0
       0
       1
       2
       4
       2
       0
       2
       3
       1
       1
       1
       1
       1
       0
       1
       3
       0
       2
       3
       1
       0
       1
       2
       1
       5
       3
       3
       0
       2
       3
       3
       0
       2
       2
       1
       4
       1
       0
       3
       2
       1
       2
       1
       3
       2
       1
       3
       1
       2
       1
       4
       2
       0
       1
       2
       2
       2
       2
       0
       0
       0
       1
       1
       3
       1
       0
       1
       0
       0
       0
       2
       0
       2
       2
       1
       2
       1
       2
       0
       1
       2
       3
       0
       1
       1
       3
       2
       1
       1
       2
       1
       0
       0
       1
       1
       2
       0
       0
       1
       0
       1
       4
       3
       1
       1
       1
       2
       2
       2
       1
       1
       1
       2
       3
       0
       3
       2
       1
       2
       1
       0
       4
       1
       0
       1
       3
       0
       2
       0
       1
       1
       1
       1
       0
       1
       0
       2
       1
       2
       0
       0
       0
       1
       3
       0
       0
       1
       1
       0
       1
       2
       0
       1
       1
       2
       1
       3
       1
       1
       2
       1
       2
       5
       2
       1
       1
       2
       1
       4
       2
       2
       2
       6
       2
       3
       0
       3
       0
       1
       1
       0
       3
       1
       1
       1
       3
       2
       3
       0
       6
       3
       1
       3
       3
       1
       5
       4
       1
       1
       3
       2
       1
       4
       2
       1
       5
       2
       3
       2
       3
       3
       3
       5
       0
       2
       3
       2
       1
       2
       3
       3
       1
       2
       0
       1
       3
       0
       3
       2
       1
       1
       0
       1
       4
       3
       0
       1
       1
       0
       0
       2
       3
       2
       8
       1
       1
       2
       0
       0
       3
       1
       1
       2
       1
       0
       1
       0
       1
       1
       1
       1
       2
       0
       3
       2
       1
       0
       1
       1
       0
       0
       0
       2
       0
       2
       0
       2
       0
       2
       1
       1
       2
       4
       1
       1
       2
       1
       0
       2
       2
       0
       3
       2
       2
       1
       1
       1
       0
       0
       3
       0
       1
       1
       2
       2
       0
       1
       1
       0
       2
       2
       1
       3
       2
       1
       2
       2
       1
       1
       2
       0
       0
       2
       0
       1
       1
       1
       0
       0
       4
       1
       1
       4
       1
       2
       2
       1
       0
       0
       4
       2
       1
       0
       1
       3
       1
       2
       3
       0
       1
       2
       3
       2
       0
       2
       1
       0
       1
       7
       1
       2
       0
       2
       3
       3
       3
       0
       0
       4
       3
       3
       2
       1
       1
       3
       2
       0
       2
       2
       3
       3
       2
       1
       1
       4
       2
       2
       1
       2
       4
       1
       3
       1
       1
       2
       2
       2
       1
       1
       4
       2
       4
       0
       4
       0
       3
       3
       5
       1
       4
       4
       3
       2
       1
       2
       2
       3
       3
       5
       2
       2
       3
       5
       4
       1
       6
       7
       3
       3
       2
       3
       6
       2
       6
       3
       6
       5
       3
       3
       3
       4
       3
       5
       2
       4
       1
       3
       1
       6
       3
       3
       2
       6
       1
       4
       4
       4
       4
       5
       7
       2
       0
       4
       6
       4
       3
       1
       3
       6
       7
       5
       2
       2
       3
       1
       3
       3
       2
       3
       2
       4
       5
       6
       2
       3
       5
       6
       2
       1
       5
       7
       5
       4
       2
       5
       1
       5
       2
       4
       6
       4
       8
       6
       2
       3
       3
       7
       7
       5
       9
       6
       2
       7
       2
       4
       3
       6
       1
       6
       6
       2
       3
       3
       3
       3
       4
       1
       2
       5
       2
       3
       2
       2
       3
       2
       5
       2
       3
       5
       3
       6
       3
       3
       4
       1
       3
       1
       9
       5
       0
       3
       6
       5
       3
       5
       1
       4
       1
       7
       4
       4
       7
       6
       3
       3
       6
       2
       7
       6
       5
       3
       8
       8
       6
       5
       3
       8
       4
       4
       7
       8
       4
       6
       4
      10
       3
       7
       9
       6
       4
       9
       4
       9
      10
      16
       3
      18
       8
      14
      12
      13
      13
      16
       8
      10
      16
      21
      16
      18
      12
      19
      19
      28
      17
      14
      18
      16
      13
      28
      40
      32
      41
      38
      42
      43
      42
      34
      55
      49
      46
      40
      59
      55
      59
      52
      66
      59
      82
      76
      81
      81
      89
      98
      89
      76
      97
     118
     100
      96
     121
     111
     114
     114
     115
     133
     121
     141
     118
     147
     170
     175
     166
     154
     191
     181
     185
     182
     191
     179
     204
     198
     182
     207
     243
     232
     217
     234
     241
     218
     235
     242
     226
     272
     285
     280
     263
     262
     275
     276
     265
     308
     302
     294
     301
     280
     292
     321
     289
     304
     296
     326
     307
     333
     322
     307
     314
     311
     285
     274
     273
     271
     289
     276
     278
     285
     266
     256
     243
     288
     251
     233
     247
     234
     201
     248
     239
     215
     230
     227
     199
     191
     200
     179
     190
     181
     166
     159
     163
     153
     137
     142
     142
     163
     153
     133
     116
     102
     114
      99
     111
      97
      85
      93
      82
      73
      89
      67
      66
      73
      57
      54
      57
      60
      53
      42
      43
      54
      46
      47
      32
      41
      29
      31
      28
      37
      25
      16
      26
      18
      20
      13
      19
      16
      18
      18
      15
      12
       8
       5
       8
       8
      13
       7
       9
       4
       8
       6
       6
       3
       5
       8
       6
       3
       2
       6
       3
       6
       4
       3
       2
       1
       1
       1
       0
       0
       4
       1
       2
       3
       1
       0
       0
       1
       0
       1
       0
       1
       1
       1
       2
       1
       0
       0
       0
       0
       1
       0
       0
       0
       0
       0
       0
       0
       0
       1
       0
       1
       1
       0
       0
       0
       0
       0
       0
       0
       0
       0
       0
       0
       0
       0
       0
       0
       0
       0
       0
       0
       0
       0
       0
       0
       0
       0
       0
       0
       0
       0
       0
       0
       0
       0
       0
       0
       0
       0
       0
       0
       0
       0
       0
       0
       0
       0
       0
       0
       0
       0
       0
       0
       0
       0
       0
       0
       0
       0
       0
       0
       0
       0
       0
       0
       0
       0
       0
       0
       0
       0
       0
       0
       0
       0
       0
       0
       0
       0
       0
       0
       0
       0
       0
       0
       0
       0
       0
       0
       0
       0
       0
       0
       0
       0
       0
       0
       0
       0
       0
       0
       0
       0
       0
       0
       0
       1
       0
       0
       0
       0
       0
       0
       0
       0
       0
       0
       0
       0
       0
       0
       0
       0
       0
       0
       0
       0
       0
       0
       0
       0
       0
       0
       0
       0
       0
       0
       0
       0
       0
       0
       0
       0
       0
       0
       0
       0
       0
       0
       0
       0
       0
       0
       0
       0
       0
       0
       0
       0
       0
       0
       0
       0
       0
       0
       0
       0
       0
       0
       0
       0
       0
       0
       0
       0
       0
       0
       0
       0
       0
       0
       0
       0
       0
       0
       0
       0
       0
       0
       0
       0
       0
       0
       0
       0
       0
       0
       0
       0
       0
       0
       0
       0
       0
       0
       0
       0
       0
       0
       0
       0
       0
       0
       0
       0
       0
       0
       0
       0
       0
       0
       0
       0
       0
       0
       0
       0
       0
       0
       0
       0
       1
       0
       0
       0
       0
       0
       0
       0
       0
       0
       0
       0
       0
       0
       1
       0
       0
       0
       0
       0
       0
       0
       0
       0
       0
       0
       0
       0
       0
       0
       0
       0
       0
       0
       0
       0
       0
       0
       0
       0
       0
       0
       0
       0
       0
       0
       0
       0
       0
       0
       0
       0
       0
       0
       0
       0
       0
       0
       0
       0
       0
       0
       0
       0
       0
       0
       0
       0
       0
       0
       0
       0
       0
       0
       0
       0
       0
       0
       0
       0
       0
       0
       0
       0
       0
       0
       0
       0
       0
       0
       0
       0
       0
       0
       0
       0
       0
       0
       0
       0
       0
       0
       0
       0
       0
       0
       0
       0
       0
       0
       0
       0
       0
       0
       0
       0
       0
       0
       0
       0
       0
       1
       0
       0
       0
       0
       0
       0
       0
       0
       0
       0
       0
       0
       0
       0
       0
       0
       0
       0
       0
       0
       0
       0
       1
       0
       0
       0
       0
       0
       0
       1
       0
       0
       0
       0
       0
       0
       0
       0
       0
       1
       0
       0
       0
       0
       1
       0
       0
       0
       0
       0
       0
       0
       1
       1
       1
       0
       0
       0
       1
       0
       0
       0
       0
       0
       1
       0
       0
       0
       1
       0
       1
       0
       0
       0
       0
       1
       0
       0
       0
       0
       0
       0
       0
       0
       1
       1
       0
       1
       0
       1
       3
       0
       0
       0
       0
       0
       0
       0
       0
       3
       2
       0
       0
       1
       0
       0
       0
       0
       0
       0
       0
       0
       0
       0
       0
       1
       0
       1
       0
       1
       0
       0
       1
       0
       0
       0
       0
       0
       0
       0
       0
       0
       0
       0
       0
       0
       0
       0
       0
       0
       0
       0
       0
       0
       0
       0
       0
       0
       0
       0
       0
       0
       0
       0
       0
       0
       0
       0
       0
       0
       0
       0
       0
       0
       0
       0
       0
       0
       0
       0
       0
       0
       0
       0
       0
       0
       0
       0
       0
       0
       0
       0
       0
       0
       0
       0
       0
       0
       0
       0
       0
       0
       0
       0
       0
       0
       0
       0
       0
       0
       0
       0
       0
       0
       0
       0
       0
       0
       0
       0
       0
       0
       0
       0
       0
       0
       0
       0
       0
       0
       0
       0
       0
       0
       0
       0
       0
       0
       0
       0
       0
       0
       0
       0
       0
       0
       0
       0
       0
       0
       0
       0
       0
       0
       0
       0
       0
       0
       0
       0
       0
       0
       0
       0
       0
       0
       0
       0
       0
       0
       0
       0
       0
       0
       0
       0
       0
       0
       0
       0
       0
       0
       0
       0
       0
       0
       0
       0
       0
       0
       0
       0
       0
       0
       0
       0
       0
       0
       0
       0
       0
       0
       0
       0
       0
       0
       0
       0
       0
       0
       0
       0
       0
       0
       0
       0
       0
       0
       0
       0
       0
       0
       0
       0
       0
       0
       0
       0
       0
       0
       0
       0
       0
       0
       0
       0
       0
       0
       0
       0
       0
       0
       0
       0
       0
       0
       0
       0
       0
       0
       0
       0
       0
       0
       0
       0
       0
       0
       0
       0
       0
       0
       0
       0
       0
       0
       0
       0
       0
       0
       0
       0
       0
       0
       0
       0
       0
       0
       0
       0
       0
       0
       0
       0
       0
       0
       0
       0
       0
       0
       0
       0
       0
       0
       0
       0
       0
       0
       0
       0
       0
       0
       0
       0
       0
       0
       0
       0
       0
       0
       0
       0
       0
       0
       0
       0
       0
       0
       0
       0
       0
       0
       0
       0
       0
       0
       0
       0
       0
       0
       0
       0
       0
       0
       0
       0
       0
       0
       0
       0
       0
       0
       0
       0
       0
       0
       0
       0
       0
       0
       0
       0
       0
       0
       0
       0
       0
       0
       0
       0
       0
       0
       0
       0
       0
       0
       0
       0
       0
       0
       0
       0
       0
       0
       0
       0
       0
       0
       0
       0
       0
       0
       0
       0
       0
       0
       1
       0
       0
       0
       0
       0
       0
       0
       0
       0
       0
       0
       0
       0
       0
       0
       0
       0
       0
       0
       0
       0
       0
       0
       0
       0
       0
       0
       0
       0
       0
       0
       0
       0
       0
       0
       0
       0
       0
       0
       0
       0
       0
       0
       0
       0
       0
       0
       0
       0
       0
       0
       0
       0
       0
       0
       0
       0
       0
       0
       0
       0
       0
       0
       0
       0
       0
       0
       0
       0
       0
       0
       0
       0
       0
       0
       0
       0
       0
       0
       0
       0
       0
       0
       0
       0
       0
       0
$ROI:
1
939 1028
$PRESETS:
Live Time
1000
0
$ENER_FIT:
0.000000 7.496722
$MCA_CAL:
3
0.000000E+000 7.496722E+000 0.000000E+000 keV
$SHAPE_CAL:
3
7.824383E+000 0.000000E+000 0.000000E+000
