$SPEC_ID:
No sample description was entered.
$SPEC_REM:
DET# 1
DETDESC# E-C11SRPLAB222 MCB 129
AP# Maestro Version 7.01
$DATE_MEA:
02/12/2026 14:29:47
$MEAS_TIM:
196 197
$DATA:
0 2047
       0
       0
       0
       0
       0
       0
       0
       0
       0
       0
       0
       0
       0
       0
       0
       0
       0
       0
       0
       0
       0
       0
       0
       0
       0
       0
       0
       0
       0
       0
       0
       0
       0
       0
       0
       0
       0
       0
       0
       0
       0
       0
       0
       0
       0
       0
       0
       0
       0
       4
      27
      19
      16
      12
       5
       3
       2
       0
       1
       0
       0
       1
       0
       0
       0
       0
       1
       1
       0
       1
       0
       0
       0
       1
       0
       2
       0
       1
       0
       0
       1
       1
       0
       0
       1
       1
       0
       0
       0
       2
       1
       1
       4
       0
       0
       0
       1
       1
       3
       0
       0
       0
       0
       0
       2
       0
       0
       0
       1
       1
       0
       0
       0
       0
       0
       0
       0
       0
       0
       0
       1
       2
       2
       0
       1
       2
       0
       0
       0
       0
       0
       0
       0
       0
       1
       1
       0
       1
       1
       0
       1
       0
       1
       0
       1
       1
       0
       1
       0
       0
       2
       0
       1
       1
       0
       0
       0
       1
       0
       0
       0
       0
       0
       0
       0
       0
       0
       0
       0
       1
       0
       2
       2
       0
       1
       0
       0
       0
       0
       0
       0
       0
       0
       0
       1
       0
       0
       0
       0
       1
       2
       0
       0
       1
       1
       1
       1
       0
       1
       0
       0
       1
       0
       0
       0
       0
       1
       0
       1
       0
       0
       0
       0
       0
       0
       1
       1
       1
       0
       0
       1
       0
       0
       0
       0
       1
       1
       0
       2
       0
       0
       1
       0
       3
       0
       1
       0
       2
       1
       0
       0
       0
       2
       2
       0
       0
       0
       0
       0
       1
       1
       1
       0
       0
       1
       0
       0
       1
       0
       1
       1
       0
       1
       0
       0
       1
       2
       1
       0
       0
       1
       0
       1
       2
       0
       0
       1
       0
       0
       0
       1
       0
       0
       2
       0
       1
       1
       1
       0
       2
       0
       0
       2
       0
       0
       0
       0
       1
       2
       0
       1
       0
       1
       0
       1
       0
       1
       0
       0
       1
       0
       0
       0
       0
       0
       1
       0
       0
       2
       2
       0
       0
       0
       0
       0
       0
       1
       0
       1
       2
       0
       0
       0
       0
       1
       0
       0
       1
       1
       1
       1
       1
       1
       1
       1
       0
       0
       0
       0
       0
       0
       0
       0
       0
       1
       0
       0
       0
       0
       0
       0
       0
       1
       0
       0
       0
       0
       0
       1
       0
       1
       1
       0
       0
       0
       0
       1
       0
       0
       0
       0
       0
       1
       0
       0
       0
       1
       0
       0
       0
       1
       0
       2
       0
       1
       0
       0
       0
       0
       0
       0
       0
       3
       0
       0
       2
       0
       1
       1
       1
       0
       0
       0
       0
       2
       0
       0
       0
       0
       2
       1
       0
       2
       1
       0
       1
       0
       0
       0
       0
       0
       0
       1
       0
       0
       0
       3
       1
       2
       0
       0
       0
       0
       0
       1
       1
       1
       0
       0
       2
       1
       0
       2
       1
       0
       0
       0
       1
       0
       2
       2
       1
       1
       0
       0
       0
       0
       4
       0
       2
       1
       0
       1
       0
       1
       0
       1
       1
       2
       0
       0
       1
       1
       1
       1
       1
       0
       1
       0
       2
       0
       1
       0
       1
       1
       1
       0
       0
       0
       0
       0
       2
       3
       1
       2
       0
       3
       1
       1
       1
       0
       1
       1
       1
       0
       0
       1
       0
       0
       0
       0
       1
       2
       0
       0
       0
       0
       0
       0
       2
       0
       0
       0
       1
       0
       0
       0
       0
       0
       0
       0
       0
       0
       0
       0
       2
       1
       0
       0
       0
       0
       1
       1
       1
       1
       1
       1
       1
       1
       0
       1
       1
       0
       0
       1
       1
       0
       0
       0
       0
       1
       0
       1
       0
       1
       2
       0
       1
       0
       0
       0
       0
       1
       1
       1
       0
       0
       0
       0
       0
       0
       0
       0
       0
       0
       0
       0
       1
       2
       2
       0
       0
       0
       1
       1
       1
       2
       0
       0
       0
       0
       0
       1
       0
       1
       2
       1
       0
       0
       0
       0
       0
       0
       0
       0
       0
       1
       0
       0
       0
       1
       0
       0
       0
       0
       1
       1
       0
       1
       1
       0
       1
       0
       0
       1
       0
       1
       1
       0
       0
       1
       0
       2
       4
       0
       0
       0
       0
       1
       1
       2
       2
       0
       2
       1
       0
       1
       2
       2
       1
       0
       1
       0
       1
       0
       0
       0
       1
       2
       0
       1
       0
       0
       0
       1
       1
       0
       2
       1
       0
       3
       1
       1
       1
       1
       1
       2
       3
       1
       4
       0
       1
       2
       1
       0
       1
       1
       0
       0
       0
       0
       2
       2
       1
       2
       2
       1
       0
       0
       1
       0
       0
       2
       0
       1
       1
       2
       0
       0
       3
       1
       1
       0
       3
       1
       0
       0
       1
       0
       1
       0
       0
       2
       4
       3
       0
       0
       0
       3
       3
       2
       2
       1
       0
       0
       1
       0
       2
       2
       0
       0
       2
       1
       2
       2
       2
       2
       0
       0
       1
       1
       0
       0
       1
       1
       1
       0
       1
       0
       1
       0
       1
       5
       1
       0
       4
       1
       2
       0
       2
       3
       2
       1
       1
       1
       1
       1
       1
       1
       0
       1
       2
       1
       3
       0
       0
       1
       2
       4
       1
       0
       2
       0
       3
       0
       1
       2
       1
       1
       1
       1
       1
       3
       2
       2
       2
       1
       2
       4
       1
       1
       0
       2
       0
       0
       2
       2
       1
       1
       1
       1
       1
       1
       1
       1
       6
       0
       1
       2
       3
       3
       4
       1
       3
       1
       1
       4
       1
       1
       5
       3
       3
       4
       0
       1
       3
       2
       0
       2
       3
       4
       3
       3
       6
       4
       2
       3
       3
       4
       4
       1
       5
       4
       5
       5
       4
       2
       8
       4
       5
       1
       3
       8
      10
       7
       6
       6
       6
      15
      10
       5
       6
      14
       4
       9
      11
      11
       8
      13
      23
      12
      12
      20
      21
      24
      14
      21
      20
      25
      24
      16
      27
      20
      28
      26
      22
      31
      20
      36
      31
      29
      19
      35
      39
      37
      36
      39
      37
      39
      38
      38
      48
      52
      54
      48
      54
      56
      51
      53
      60
      64
      52
      65
      69
      66
      72
      77
      89
      77
      75
      95
      78
      95
      88
      76
      85
      93
      77
      84
      98
      97
     111
     103
      98
      79
      84
     105
      91
      97
     106
     103
      81
     108
     110
      96
     102
     114
     118
     100
     108
      95
     102
      84
      99
     101
      94
      93
      92
      93
      89
      85
      88
     105
      76
      97
      72
      79
      81
      85
      72
      82
      81
      63
      62
      64
      53
      61
      70
      71
      49
      52
      51
      44
      53
      52
      51
      39
      41
      56
      37
      41
      35
      41
      44
      43
      22
      33
      22
      36
      29
      30
      28
      21
      24
      18
      21
      30
      24
      13
      21
      10
      14
      18
      13
      14
      17
      12
      19
      10
       6
      11
       9
       5
      11
       8
      11
       4
       8
      10
       9
       3
       5
       1
       4
       4
       1
       1
       2
       3
       3
       4
       3
       0
       3
       2
       1
       2
       1
       0
       1
       1
       1
       0
       0
       1
       1
       0
       1
       0
       0
       0
       0
       0
       0
       1
       0
       0
       0
       0
       0
       0
       0
       0
       1
       0
       0
       0
       0
       0
       0
       0
       0
       0
       1
       0
       0
       0
       0
       0
       0
       0
       0
       0
       0
       0
       0
       0
       0
       0
       0
       0
       0
       0
       0
       0
       0
       0
       0
       0
       0
       0
       0
       0
       0
       0
       0
       0
       0
       0
       0
       0
       0
       0
       0
       0
       0
       0
       0
       0
       0
       0
       0
       0
       0
       0
       0
       0
       0
       0
       0
       1
       0
       0
       0
       0
       0
       0
       0
       0
       0
       0
       0
       0
       0
       0
       0
       0
       0
       0
       0
       0
       0
       0
       0
       0
       0
       0
       0
       0
       0
       0
       0
       0
       0
       0
       0
       0
       0
       0
       0
       0
       0
       0
       0
       0
       0
       0
       0
       0
       0
       0
       0
       0
       0
       0
       0
       0
       0
       0
       0
       0
       0
       0
       0
       0
       0
       0
       0
       0
       0
       0
       0
       0
       0
       0
       0
       0
       0
       0
       0
       0
       0
       0
       0
       0
       0
       0
       0
       0
       0
       0
       0
       0
       0
       0
       0
       0
       0
       0
       0
       0
       0
       0
       0
       0
       0
       0
       0
       0
       0
       0
       0
       0
       0
       0
       0
       0
       0
       0
       0
       0
       0
       0
       0
       0
       0
       0
       0
       0
       0
       0
       0
       0
       0
       0
       0
       0
       0
       0
       0
       0
       0
       0
       0
       0
       0
       0
       0
       0
       0
       0
       0
       0
       0
       0
       0
       0
       0
       0
       0
       0
       0
       0
       0
       0
       0
       0
       0
       0
       0
       0
       0
       0
       0
       0
       0
       0
       0
       0
       0
       0
       0
       0
       0
       0
       1
       0
       0
       0
       0
       0
       0
       0
       0
       0
       0
       0
       0
       0
       0
       0
       0
       0
       0
       0
       0
       0
       0
       0
       0
       0
       0
       0
       0
       0
       1
       0
       0
       0
       0
       0
       0
       0
       0
       0
       0
       0
       0
       0
       0
       0
       0
       0
       0
       0
       0
       0
       0
       0
       0
       0
       0
       0
       0
       0
       0
       0
       0
       0
       0
       0
       0
       0
       0
       0
       0
       0
       0
       0
       0
       0
       0
       0
       0
       0
       0
       0
       0
       0
       0
       0
       0
       0
       0
       0
       0
       0
       0
       0
       0
       0
       0
       0
       0
       0
       0
       0
       0
       0
       0
       0
       1
       0
       0
       0
       0
       0
       0
       0
       0
       0
       0
       0
       0
       0
       0
       0
       0
       0
       0
       0
       0
       0
       0
       0
       0
       0
       0
       0
       0
       0
       0
       1
       0
       0
       0
       0
       1
       0
       0
       0
       0
       0
       0
       0
       0
       1
       0
       0
       0
       0
       0
       0
       0
       0
       0
       1
       0
       0
       0
       0
       0
       0
       0
       0
       0
       0
       0
       0
       0
       0
       0
       0
       0
       1
       0
       0
       0
       0
       0
       0
       0
       0
       1
       0
       0
       0
       0
       0
       0
       0
       0
       0
       0
       0
       0
       1
       1
       0
       0
       0
       0
       0
       0
       1
       0
       0
       0
       0
       0
       0
       1
       0
       0
       0
       0
       0
       0
       0
       0
       0
       0
       0
       0
       0
       0
       0
       0
       0
       1
       0
       0
       0
       0
       0
       0
       0
       0
       0
       0
       0
       0
       0
       0
       0
       0
       0
       1
       0
       0
       0
       0
       0
       0
       0
       0
       0
       0
       0
       0
       0
       0
       0
       0
       0
       0
       0
       0
       0
       0
       0
       0
       0
       0
       0
       0
       0
       0
       0
       0
       0
       0
       0
       0
       0
       0
       0
       0
       0
       0
       0
       0
       0
       0
       0
       0
       0
       0
       0
       0
       0
       0
       0
       0
       0
       0
       0
       0
       0
       0
       0
       0
       0
       0
       0
       0
       0
       0
       0
       0
       0
       0
       0
       0
       0
       0
       0
       0
       0
       0
       0
       0
       0
       0
       0
       0
       0
       0
       0
       0
       0
       0
       0
       0
       0
       0
       0
       0
       0
       0
       0
       0
       0
       0
       0
       0
       0
       0
       0
       0
       0
       0
       0
       0
       0
       0
       0
       0
       0
       0
       0
       0
       0
       0
       0
       0
       0
       0
       0
       0
       0
       0
       0
       0
       0
       0
       0
       0
       0
       0
       0
       0
       0
       0
       0
       0
       0
       0
       0
       0
       0
       0
       0
       0
       0
       0
       0
       0
       0
       0
       0
       0
       0
       0
       0
       0
       0
       0
       0
       0
       0
       0
       0
       0
       0
       0
       0
       0
       0
       0
       0
       0
       0
       0
       0
       0
       0
       0
       0
       0
       0
       0
       0
       0
       0
       0
       0
       0
       0
       0
       0
       0
       0
       0
       0
       0
       0
       0
       0
       0
       0
       0
       0
       0
       0
       0
       0
       0
       0
       0
       0
       0
       0
       0
       0
       0
       0
       0
       0
       0
       0
       0
       0
       0
       0
       0
       0
       0
       0
       0
       0
       0
       0
       0
       0
       0
       0
       0
       0
       0
       0
       0
       0
       0
       0
       0
       0
       0
       0
       0
       0
       0
       0
       0
       0
       0
       0
       0
       0
       0
       0
       0
       0
       0
       0
       0
       0
       0
       0
       0
       0
       0
       0
       0
       0
       0
       0
       0
       0
       0
       0
       0
       0
       0
       0
       0
       0
       0
       0
       0
       0
       0
       0
       0
       0
       0
       0
       0
       0
       0
       0
       0
       0
       0
       0
       0
       0
       0
       0
       0
       0
       0
       0
       0
       0
       0
       0
       0
       0
       0
       0
       0
       0
       0
       0
       0
       0
       0
       0
       0
       0
       0
       0
       0
       0
       0
       0
       0
       0
       0
       0
       0
       0
       0
       0
       0
       0
       0
       0
       0
       0
       0
       0
       0
       0
       0
       0
       0
       0
       0
       0
       0
       0
       0
       0
       0
       0
       0
       0
       0
       0
       0
       0
       0
       0
       0
       0
       0
       0
       0
       0
       0
       0
       0
       0
       0
       0
       0
       0
       0
       0
       0
       0
       0
       0
       0
       0
       0
       0
       0
       0
       0
       0
       0
       0
       0
       0
       0
       0
       0
       0
       0
       0
       0
       0
       0
       0
       0
$ROI:
2
167 167
913 1059
$PRESETS:
Live Time
1000
0
$ENER_FIT:
0.000000 7.496722
$MCA_CAL:
3
0.000000E+000 7.496722E+000 0.000000E+000 keV
$SHAPE_CAL:
3
7.824383E+000 0.000000E+000 0.000000E+000
