$SPEC_ID:
No sample description was entered.
$SPEC_REM:
DET# 1
DETDESC# E-C11SRPLAB222 MCB 129
AP# Maestro Version 7.01
$DATE_MEA:
02/12/2026 14:34:01
$MEAS_TIM:
118 118
$DATA:
0 2047
       0
       0
       0
       0
       0
       0
       0
       0
       0
       0
       0
       0
       0
       0
       0
       0
       0
       0
       0
       0
       0
       0
       0
       0
       0
       0
       0
       0
       0
       0
       0
       0
       0
       0
       0
       0
       0
       0
       0
       0
       0
       0
       0
       0
       0
       0
       0
       0
       0
       0
       0
       2
       1
       2
       0
       1
       0
       2
       0
       2
       1
       0
       0
       0
       1
       0
       0
       2
       0
       0
       0
       2
       1
       0
       1
       0
       3
       0
       2
       2
       0
       0
       0
       1
       0
       1
       0
       2
       1
       1
       1
       0
       2
       1
       1
       0
       1
       0
       1
       0
       1
       0
       0
       0
       1
       1
       1
       0
       0
       0
       0
       1
       0
       1
       0
       0
       2
       0
       1
       1
       0
       0
       1
       1
       0
       0
       0
       0
       2
       0
       0
       0
       0
       0
       1
       1
       0
       1
       2
       1
       0
       1
       0
       2
       1
       0
       1
       1
       1
       0
       2
       2
       0
       0
       0
       1
       0
       0
       0
       2
       1
       0
       0
       2
       1
       0
       0
       2
       0
       1
       1
       2
       1
       1
       1
       1
       0
       0
       0
       1
       0
       2
       0
       2
       2
       1
       0
       1
       0
       1
       1
       1
       0
       0
       0
       0
       0
       0
       0
       2
       1
       0
       2
       1
       0
       1
       0
       0
       1
       0
       1
       0
       0
       0
       0
       1
       1
       1
       1
       2
       0
       0
       0
       0
       0
       0
       1
       1
       1
       0
       0
       0
       1
       0
       0
       0
       1
       1
       1
       0
       0
       1
       1
       1
       0
       2
       2
       0
       0
       0
       2
       0
       1
       1
       0
       1
       1
       0
       1
       0
       0
       0
       2
       0
       1
       2
       0
       1
       0
       0
       0
       0
       2
       0
       2
       0
       1
       0
       0
       0
       1
       1
       0
       0
       1
       2
       0
       0
       0
       0
       1
       0
       0
       1
       1
       0
       1
       1
       0
       0
       0
       2
       0
       1
       0
       1
       1
       0
       2
       0
       0
       0
       0
       0
       0
       1
       0
       1
       0
       1
       0
       0
       2
       1
       0
       0
       0
       0
       1
       0
       0
       1
       0
       0
       1
       0
       0
       1
       2
       0
       0
       0
       0
       4
       1
       1
       1
       0
       0
       0
       1
       0
       0
       0
       0
       0
       3
       0
       1
       1
       0
       0
       0
       0
       1
       0
       0
       2
       0
       1
       0
       1
       1
       3
       3
       1
       1
       2
       2
       1
       0
       0
       2
       0
       1
       0
       0
       1
       2
       0
       2
       0
       0
       1
       1
       0
       0
       3
       2
       3
       0
       0
       0
       0
       0
       1
       0
       0
       2
       3
       0
       0
       1
       0
       0
       0
       1
       1
       1
       1
       0
       0
       0
       0
       0
       0
       0
       1
       0
       1
       1
       0
       0
       1
       1
       0
       0
       1
       3
       0
       2
       1
       0
       0
       2
       0
       1
       0
       1
       0
       1
       2
       2
       1
       1
       2
       1
       0
       0
       0
       1
       4
       2
       3
       1
       0
       0
       0
       1
       2
       2
       0
       1
       1
       1
       1
       3
       2
       2
       0
       3
       1
       0
       2
       0
       2
       0
       2
       1
       0
       2
       1
       0
       4
       2
       1
       3
       3
       0
       2
       1
       1
       2
       0
       1
       2
       0
       0
       1
       1
       0
       0
       2
       1
       2
       0
       1
       1
       1
       0
       3
       1
       0
       0
       0
       0
       1
       1
       2
       0
       0
       2
       2
       0
       0
       1
       2
       1
       2
       0
       0
       1
       0
       1
       2
       0
       2
       2
       0
       1
       1
       1
       2
       0
       1
       2
       0
       1
       1
       0
       1
       2
       0
       2
       0
       0
       0
       0
       0
       0
       1
       0
       1
       0
       0
       2
       1
       2
       1
       0
       0
       0
       2
       3
       2
       1
       1
       1
       0
       1
       0
       1
       3
       0
       0
       0
       2
       0
       0
       2
       1
       0
       0
       1
       0
       2
       2
       4
       2
       0
       0
       1
       3
       0
       0
       1
       3
       0
       2
       0
       0
       4
       1
       0
       2
       0
       2
       2
       2
       2
       0
       2
       1
       2
       2
       3
       4
       1
       1
       2
       2
       1
       1
       4
       3
       2
       4
       1
       3
       3
       2
       3
       1
       1
       2
       3
       1
       8
       4
       3
       1
       4
       4
       5
       3
       4
       4
      10
       7
       2
       1
       3
       4
       3
       7
       0
       3
       5
       8
       6
       3
       5
       5
      12
      11
      13
       9
       8
      12
      14
       8
       5
       9
       8
       8
      11
      12
      16
      18
      14
      12
      11
      14
      20
      16
      18
      19
      23
      12
      15
      28
      22
      26
      17
      20
      24
      28
      24
      26
      29
      33
      21
      22
      25
      20
      34
      31
      38
      36
      31
      33
      36
      43
      36
      39
      27
      40
      45
      40
      46
      47
      55
      53
      60
      44
      64
      54
      42
      57
      54
      55
      61
      55
      58
      62
      58
      60
      87
      61
      76
      47
      70
      66
      77
      74
      80
      68
      66
      89
      80
      67
      85
      77
      86
      63
      66
      75
      89
      83
      73
      77
      76
      93
      72
      68
      85
      86
      71
      61
      90
      77
      87
      72
      75
      65
      89
      73
      73
      82
      79
      78
      78
      82
      89
      79
      69
      74
      71
      70
      83
      72
      86
      75
      53
      64
      60
      62
      57
      79
      73
      64
      56
      49
      80
      58
      62
      49
      49
      39
      55
      61
      63
      55
      49
      50
      43
      44
      34
      42
      37
      40
      39
      34
      40
      39
      36
      38
      39
      26
      34
      35
      41
      30
      32
      18
      33
      17
      18
      14
      12
      19
      22
      13
       7
      16
      20
      17
      13
      12
      11
      13
      12
      17
       9
      10
      11
       6
      17
       9
      10
       6
       1
       4
       7
       8
       5
       5
       5
       5
       8
       5
       3
       6
       3
       3
       6
       7
       3
       2
       2
       2
       2
       3
       1
       1
       1
       1
       2
       2
       3
       0
       1
       0
       3
       2
       0
       0
       0
       2
       1
       2
       0
       0
       0
       0
       0
       1
       0
       0
       0
       0
       0
       0
       0
       0
       0
       0
       1
       0
       0
       0
       0
       0
       0
       0
       0
       0
       0
       0
       0
       0
       0
       0
       0
       0
       0
       0
       1
       0
       1
       0
       0
       0
       0
       0
       0
       0
       0
       0
       0
       0
       0
       1
       0
       0
       0
       0
       0
       0
       0
       0
       0
       0
       0
       0
       0
       0
       0
       0
       0
       0
       0
       0
       0
       0
       0
       0
       1
       0
       0
       0
       0
       0
       0
       0
       0
       0
       0
       0
       0
       0
       0
       0
       0
       0
       0
       0
       0
       0
       0
       0
       0
       0
       0
       0
       0
       0
       0
       0
       0
       0
       0
       0
       1
       0
       0
       0
       0
       0
       0
       0
       0
       0
       0
       0
       0
       0
       0
       0
       0
       0
       0
       0
       0
       0
       0
       0
       0
       0
       0
       0
       0
       0
       0
       0
       0
       0
       0
       0
       0
       0
       0
       0
       1
       0
       0
       0
       0
       0
       0
       0
       0
       0
       0
       0
       0
       0
       0
       0
       0
       0
       0
       0
       0
       0
       0
       0
       0
       0
       0
       0
       0
       0
       0
       0
       0
       0
       0
       0
       0
       0
       1
       0
       0
       0
       0
       0
       0
       0
       0
       0
       0
       0
       0
       0
       0
       0
       0
       0
       0
       0
       0
       0
       0
       0
       0
       0
       0
       0
       0
       0
       0
       0
       0
       0
       0
       0
       0
       0
       0
       0
       0
       0
       0
       0
       0
       0
       0
       0
       0
       0
       0
       0
       0
       0
       0
       0
       0
       0
       0
       0
       0
       0
       0
       0
       0
       0
       0
       0
       0
       0
       0
       1
       0
       0
       0
       0
       0
       0
       0
       1
       0
       0
       0
       0
       0
       0
       0
       0
       0
       0
       0
       0
       0
       0
       0
       0
       0
       0
       0
       0
       0
       0
       0
       0
       0
       0
       0
       0
       0
       0
       0
       0
       0
       0
       0
       0
       0
       0
       0
       0
       0
       0
       0
       0
       0
       0
       0
       0
       0
       0
       0
       0
       0
       0
       0
       0
       1
       0
       0
       0
       0
       0
       0
       0
       0
       0
       0
       0
       0
       0
       0
       0
       0
       0
       0
       0
       0
       0
       0
       0
       0
       0
       0
       0
       0
       0
       0
       0
       0
       0
       0
       0
       0
       0
       0
       0
       0
       0
       0
       0
       0
       0
       0
       0
       0
       0
       0
       0
       0
       0
       0
       0
       0
       0
       0
       0
       0
       0
       0
       0
       0
       0
       1
       0
       0
       0
       0
       0
       0
       0
       0
       0
       0
       0
       0
       0
       0
       0
       0
       0
       0
       0
       0
       0
       0
       0
       0
       0
       0
       0
       0
       0
       0
       0
       0
       0
       0
       0
       0
       0
       0
       0
       0
       0
       0
       0
       0
       0
       0
       0
       0
       0
       0
       0
       0
       0
       0
       0
       0
       0
       0
       0
       0
       0
       0
       0
       0
       0
       0
       0
       0
       0
       0
       0
       0
       0
       0
       0
       0
       0
       0
       1
       0
       0
       0
       0
       0
       0
       0
       0
       0
       0
       0
       0
       0
       0
       0
       0
       0
       0
       0
       0
       0
       0
       0
       0
       0
       1
       0
       0
       0
       0
       0
       0
       0
       0
       0
       0
       0
       0
       0
       0
       0
       0
       0
       0
       0
       0
       0
       0
       0
       0
       0
       0
       0
       0
       0
       0
       0
       0
       0
       0
       0
       0
       0
       0
       0
       0
       1
       0
       0
       0
       0
       0
       0
       0
       0
       1
       0
       0
       0
       0
       0
       0
       0
       0
       0
       0
       1
       0
       0
       0
       0
       0
       0
       0
       0
       0
       0
       0
       1
       0
       1
       0
       0
       0
       0
       0
       0
       0
       0
       0
       0
       0
       1
       0
       0
       0
       0
       0
       0
       0
       0
       0
       0
       0
       0
       0
       0
       0
       1
       0
       0
       0
       1
       0
       0
       0
       0
       0
       0
       0
       0
       0
       0
       0
       0
       0
       0
       0
       0
       1
       0
       0
       0
       0
       1
       0
       0
       0
       0
       0
       1
       1
       0
       0
       0
       0
       0
       0
       0
       0
       0
       2
       0
       0
       0
       1
       0
       1
       0
       0
       0
       0
       0
       0
       0
       1
       1
       2
       0
       0
       0
       0
       0
       0
       0
       0
       0
       1
       0
       0
       0
       1
       0
       0
       0
       0
       0
       0
       0
       1
       0
       0
       0
       0
       1
       0
       0
       0
       0
       0
       0
       0
       0
       0
       0
       0
       0
       0
       0
       0
       0
       0
       0
       0
       0
       0
       0
       0
       0
       0
       0
       0
       0
       0
       0
       0
       0
       0
       0
       0
       0
       0
       0
       0
       0
       0
       0
       0
       0
       0
       0
       0
       0
       0
       0
       0
       0
       0
       0
       0
       0
       0
       0
       0
       0
       0
       0
       0
       0
       0
       0
       0
       0
       0
       0
       0
       0
       0
       0
       0
       0
       0
       0
       0
       0
       0
       0
       0
       0
       0
       0
       0
       0
       0
       0
       0
       0
       0
       0
       0
       0
       0
       0
       0
       0
       0
       0
       0
       0
       0
       0
       0
       0
       0
       0
       0
       0
       0
       0
       0
       0
       0
       0
       0
       0
       0
       0
       0
       0
       0
       0
       0
       0
       0
       0
       0
       0
       0
       0
       0
       0
       0
       0
       0
       0
       0
       0
       0
       0
       0
       0
       0
       0
       0
       0
       0
       0
       0
       0
       0
       0
       0
       0
       0
       0
       0
       0
       0
       0
       0
       0
       0
       0
       0
       0
       0
       0
       0
       0
       0
       0
       0
       0
       0
       0
       0
       0
       0
       0
       0
       0
       0
       0
       0
       0
       0
       0
       0
       0
       0
       0
       0
       0
       0
       0
       0
       0
       0
       0
       0
       0
       0
       0
       0
       0
       0
       0
       0
       0
       0
       0
       0
       0
       0
       0
       0
       0
       0
       0
       0
       0
       0
       0
       0
       0
       0
       0
       0
       0
       0
       0
       0
       0
       0
       0
       0
       0
       0
       0
       0
       0
       0
       0
       0
       0
       0
       0
       0
       0
       0
       0
       0
       0
       0
       0
       0
       0
       0
       0
       0
       0
       0
       0
       0
       0
       0
       0
       0
       0
       0
       0
       0
       0
       0
       0
       0
       0
       0
       0
       0
       0
       0
       0
       0
       0
       0
       0
       0
       0
       0
       0
       0
       0
       0
       0
       0
       0
       0
       0
       0
       0
       0
       0
       0
       0
       0
       0
       0
       0
       0
       0
       0
       0
       0
       0
       0
       0
       0
       0
       0
       0
       0
       0
       0
       0
       0
       0
       0
       0
       0
       0
       0
       0
       0
       0
       0
       0
       0
       0
       0
       0
       0
       0
       0
       0
       0
       0
       0
       0
       0
       0
       0
       0
       0
       0
       0
       0
       0
       0
       0
       0
       0
       0
       0
       0
       0
       0
       0
       0
       0
       0
       0
       0
       0
       0
       0
       0
       0
       0
       0
       0
       0
       0
       0
       0
       0
       0
       0
       0
       0
       0
       0
       0
       0
       0
       0
       0
       0
       0
       0
       0
       0
       0
       0
       0
       0
       0
       0
       0
       0
       0
       0
       0
       0
       0
       0
       0
       0
       0
       0
       0
       0
       0
       0
       0
       0
       0
       0
       0
       0
       0
       0
       0
       0
       0
$ROI:
2
167 167
702 873
$PRESETS:
Live Time
1000
0
$ENER_FIT:
0.000000 7.496722
$MCA_CAL:
3
0.000000E+000 7.496722E+000 0.000000E+000 keV
$SHAPE_CAL:
3
7.824383E+000 0.000000E+000 0.000000E+000
