$SPEC_ID:
No sample description was entered.
$SPEC_REM:
DET# 1
DETDESC# E-C11SRPLAB222 MCB 129
AP# Maestro Version 7.01
$DATE_MEA:
02/12/2026 14:40:50
$MEAS_TIM:
112 112
$DATA:
0 2047
       0
       0
       0
       0
       0
       0
       0
       0
       0
       0
       0
       0
       0
       0
       0
       0
       0
       0
       0
       0
       0
       0
       0
       0
       0
       0
       0
       0
       0
       0
       0
       0
       0
       0
       0
       0
       0
       0
       0
       0
       0
       0
       0
       0
       0
       0
       0
       0
       0
       0
       0
       1
       0
       0
       0
       1
       1
       1
       0
       1
       0
       0
       1
       0
       1
       1
       0
       1
       0
       1
       2
       1
       1
       0
       0
       0
       2
       0
       0
       0
       1
       0
       1
       1
       0
       0
       0
       1
       1
       0
       3
       0
       3
       0
       1
       2
       2
       0
       0
       1
       3
       0
       0
       0
       0
       0
       0
       2
       1
       0
       1
       0
       0
       0
       1
       0
       0
       1
       0
       0
       1
       0
       0
       0
       3
       2
       2
       2
       0
       0
       0
       0
       0
       0
       0
       1
       0
       0
       0
       1
       2
       0
       0
       0
       2
       3
       0
       3
       1
       0
       1
       0
       0
       1
       1
       0
       0
       0
       0
       1
       1
       0
       1
       1
       0
       0
       1
       0
       0
       0
       1
       0
       0
       0
       1
       2
       2
       1
       0
       0
       0
       0
       1
       0
       1
       0
       0
       0
       2
       0
       2
       0
       1
       1
       0
       0
       1
       0
       0
       1
       0
       0
       2
       1
       1
       2
       0
       0
       1
       1
       0
       0
       0
       0
       1
       0
       1
       1
       0
       0
       1
       1
       1
       1
       2
       0
       0
       1
       0
       1
       1
       0
       1
       0
       0
       1
       0
       0
       0
       1
       1
       0
       0
       1
       1
       0
       1
       0
       0
       0
       0
       0
       0
       0
       0
       0
       1
       0
       2
       2
       1
       0
       0
       0
       1
       0
       0
       1
       0
       0
       1
       0
       0
       0
       1
       2
       0
       2
       1
       0
       1
       0
       0
       0
       0
       0
       2
       0
       1
       1
       0
       0
       0
       1
       0
       0
       2
       2
       2
       1
       1
       0
       0
       1
       1
       0
       0
       0
       1
       0
       0
       0
       0
       2
       2
       2
       0
       1
       0
       0
       0
       0
       1
       0
       0
       1
       1
       0
       1
       0
       0
       0
       0
       1
       1
       0
       0
       1
       0
       0
       0
       1
       1
       0
       1
       0
       1
       0
       1
       0
       0
       2
       0
       1
       3
       2
       0
       2
       0
       2
       0
       0
       1
       1
       0
       0
       1
       0
       1
       2
       2
       2
       0
       1
       0
       1
       1
       0
       1
       0
       1
       2
       0
       1
       1
       1
       0
       0
       2
       2
       1
       1
       1
       1
       0
       0
       1
       0
       1
       1
       0
       1
       3
       0
       4
       0
       0
       1
       0
       1
       2
       1
       0
       0
       0
       2
       1
       2
       0
       3
       1
       0
       1
       1
       1
       0
       2
       0
       1
       1
       0
       0
       0
       0
       0
       0
       0
       0
       1
       0
       1
       0
       0
       0
       0
       0
       2
       1
       1
       2
       2
       2
       0
       1
       2
       0
       0
       1
       1
       0
       0
       1
       1
       2
       0
       1
       2
       2
       0
       0
       0
       0
       1
       6
       3
       1
       0
       1
       2
       0
       0
       0
       1
       0
       0
       1
       2
       3
       1
       3
       1
       0
       1
       1
       2
       2
       1
       2
       0
       1
       2
       1
       0
       1
       1
       3
       2
       2
       2
       0
       1
       3
       1
       2
       0
       1
       1
       0
       0
       0
       0
       4
       0
       0
       2
       0
       0
       1
       1
       0
       1
       0
       0
       2
       3
       0
       0
       1
       2
       0
       0
       0
       3
       1
       1
       1
       1
       1
       1
       2
       1
       2
       0
       0
       0
       0
       2
       0
       3
       0
       0
       0
       0
       3
       2
       1
       2
       2
       1
       1
       1
       1
       1
       1
       2
       3
       0
       0
       2
       1
       1
       0
       2
       1
       2
       1
       1
       0
       0
       0
       2
       2
       1
       2
       1
       0
       0
       1
       2
       0
       0
       1
       3
       0
       2
       1
       1
       0
       4
       0
       1
       1
       2
       1
       0
       2
       1
       0
       2
       1
       1
       3
       2
       1
       0
       1
       1
       1
       1
       4
       3
       0
       2
       3
       4
       2
       0
       1
       1
       2
       1
       2
       1
       1
       2
       1
       3
       3
       1
       1
       0
       0
       2
       2
       4
       5
       7
       4
       6
       4
       5
       3
       5
       3
       9
       5
       4
       2
       2
       4
       7
       4
       2
       5
       9
       6
       3
       8
       7
      14
       8
       9
       7
       4
       3
      11
       7
       9
      10
       3
      16
      10
      12
      12
      11
      13
      13
      13
      11
      16
      13
      13
      15
      11
      13
      12
      12
      17
      11
      19
      17
      16
      19
      16
      11
      19
      24
      25
      26
      28
      23
      19
      26
      36
      23
      34
      25
      22
      31
      35
      30
      38
      34
      48
      32
      38
      43
      33
      31
      35
      34
      41
      46
      45
      45
      53
      45
      48
      40
      48
      66
      58
      54
      55
      47
      57
      73
      55
      68
      61
      71
      50
      67
      81
      69
      73
      57
      62
      53
      67
      66
      72
      69
      66
      83
      70
      59
      57
      70
      97
      79
      70
      63
      73
      61
      77
      61
      83
      75
      79
      91
      83
      73
      63
      83
      80
      85
      88
      99
      85
      77
      70
      77
      78
      82
      71
      61
      72
      61
      70
      55
      55
      62
      79
      71
      76
      54
      76
      55
      59
      53
      42
      57
      61
      53
      46
      54
      42
      56
      42
      52
      49
      53
      46
      40
      41
      40
      36
      47
      45
      37
      35
      26
      39
      41
      25
      34
      33
      25
      38
      23
      26
      27
      25
      16
       9
      25
      18
      26
      22
      24
      18
      20
      16
      12
      16
       9
      15
      12
      14
      11
      10
       8
      10
       6
       8
       8
       8
       8
      14
       6
       9
      11
       9
       4
       9
       5
       4
       8
       4
       4
       4
       1
       4
       6
       4
       2
       1
       1
       3
       0
       1
       2
       1
       3
       4
       2
       2
       3
       3
       2
       0
       1
       1
       2
       0
       3
       0
       0
       0
       0
       2
       0
       1
       0
       0
       0
       1
       2
       0
       0
       1
       0
       0
       0
       0
       1
       0
       0
       1
       0
       0
       0
       0
       0
       0
       0
       0
       0
       0
       0
       0
       0
       0
       0
       0
       0
       0
       0
       0
       0
       0
       0
       0
       0
       0
       0
       0
       0
       0
       0
       1
       0
       0
       0
       0
       0
       0
       0
       0
       0
       0
       0
       0
       0
       0
       0
       0
       0
       0
       0
       0
       0
       0
       0
       0
       0
       0
       0
       0
       0
       0
       0
       0
       0
       0
       0
       1
       0
       0
       0
       0
       0
       0
       0
       0
       0
       0
       0
       0
       0
       0
       0
       0
       0
       0
       0
       0
       0
       0
       0
       0
       0
       0
       0
       0
       0
       0
       0
       0
       0
       1
       0
       0
       0
       0
       0
       0
       0
       0
       0
       0
       0
       0
       0
       0
       0
       0
       0
       0
       0
       0
       0
       0
       0
       0
       0
       0
       0
       0
       0
       0
       0
       0
       0
       0
       0
       0
       0
       0
       0
       0
       0
       0
       0
       0
       0
       0
       0
       0
       0
       0
       0
       0
       0
       0
       0
       0
       0
       0
       0
       0
       1
       0
       0
       0
       0
       0
       0
       0
       0
       0
       0
       0
       0
       0
       0
       0
       0
       0
       0
       0
       0
       0
       0
       0
       0
       0
       0
       0
       0
       0
       0
       0
       0
       0
       0
       0
       0
       0
       0
       0
       0
       0
       0
       0
       0
       0
       0
       0
       0
       0
       0
       0
       0
       0
       0
       0
       0
       0
       0
       0
       0
       0
       0
       0
       0
       0
       0
       0
       0
       0
       0
       0
       0
       0
       0
       0
       0
       0
       0
       0
       0
       0
       0
       0
       0
       0
       0
       0
       0
       0
       0
       0
       0
       0
       0
       0
       0
       0
       0
       0
       0
       0
       1
       0
       0
       0
       0
       0
       0
       0
       0
       0
       0
       0
       0
       0
       0
       1
       0
       0
       0
       0
       0
       0
       0
       0
       0
       0
       0
       0
       0
       0
       0
       0
       0
       0
       1
       0
       0
       0
       0
       0
       0
       0
       0
       0
       0
       0
       0
       0
       0
       0
       0
       0
       0
       0
       0
       0
       0
       0
       0
       0
       0
       0
       0
       0
       0
       0
       0
       0
       0
       0
       0
       0
       0
       0
       0
       0
       0
       0
       0
       0
       0
       0
       0
       0
       0
       0
       0
       0
       0
       0
       0
       0
       0
       0
       0
       0
       0
       0
       0
       0
       0
       0
       0
       0
       0
       0
       0
       0
       0
       0
       0
       0
       0
       0
       0
       0
       0
       0
       0
       0
       0
       0
       0
       1
       0
       0
       0
       0
       0
       0
       0
       0
       0
       0
       0
       0
       0
       0
       0
       0
       0
       0
       0
       0
       0
       0
       0
       0
       0
       0
       0
       0
       0
       0
       0
       0
       0
       0
       0
       0
       0
       0
       0
       0
       0
       0
       0
       0
       0
       0
       0
       0
       0
       0
       0
       0
       0
       0
       0
       0
       0
       0
       0
       0
       0
       0
       0
       1
       0
       0
       0
       0
       0
       0
       0
       0
       0
       0
       0
       0
       0
       0
       0
       0
       0
       0
       0
       0
       0
       0
       0
       0
       0
       0
       0
       0
       0
       0
       0
       0
       0
       0
       0
       0
       0
       0
       0
       0
       0
       0
       0
       0
       0
       0
       0
       0
       0
       0
       0
       0
       0
       0
       0
       0
       0
       0
       0
       0
       0
       0
       0
       0
       0
       0
       0
       0
       0
       0
       0
       0
       0
       0
       0
       0
       0
       0
       0
       0
       0
       1
       0
       0
       0
       1
       0
       1
       1
       0
       0
       0
       0
       0
       1
       0
       0
       0
       1
       0
       0
       0
       0
       0
       0
       0
       0
       0
       0
       0
       0
       0
       0
       0
       0
       0
       0
       0
       0
       0
       1
       0
       0
       0
       0
       0
       0
       0
       0
       1
       0
       0
       1
       0
       0
       0
       0
       0
       0
       1
       0
       0
       0
       0
       0
       0
       0
       0
       0
       0
       0
       0
       0
       0
       0
       0
       0
       0
       0
       0
       0
       0
       0
       0
       1
       0
       0
       1
       0
       0
       0
       0
       0
       0
       0
       0
       0
       0
       1
       0
       0
       0
       0
       0
       0
       0
       1
       0
       1
       0
       0
       2
       0
       0
       0
       0
       0
       0
       0
       0
       0
       0
       0
       0
       0
       0
       0
       0
       0
       0
       0
       0
       0
       0
       0
       0
       0
       0
       0
       0
       0
       0
       0
       0
       0
       0
       0
       0
       0
       0
       0
       0
       0
       0
       0
       0
       0
       0
       0
       0
       0
       0
       0
       0
       0
       0
       0
       0
       0
       0
       0
       0
       0
       0
       0
       0
       0
       0
       0
       0
       0
       0
       0
       0
       0
       0
       0
       0
       0
       0
       0
       0
       0
       0
       0
       0
       0
       0
       0
       0
       0
       0
       0
       0
       0
       0
       0
       0
       0
       0
       0
       0
       0
       0
       0
       0
       0
       0
       0
       0
       0
       0
       0
       0
       0
       0
       0
       0
       0
       0
       0
       0
       0
       0
       0
       0
       0
       0
       0
       0
       0
       0
       0
       0
       0
       0
       0
       0
       0
       0
       0
       0
       0
       0
       0
       0
       0
       0
       0
       0
       0
       0
       0
       0
       0
       0
       0
       0
       0
       0
       0
       0
       0
       0
       0
       0
       0
       0
       0
       0
       0
       0
       0
       0
       0
       0
       0
       0
       0
       0
       0
       0
       0
       0
       0
       0
       0
       0
       0
       0
       0
       0
       0
       0
       0
       0
       0
       0
       0
       0
       0
       0
       0
       0
       0
       0
       0
       0
       0
       0
       0
       0
       0
       0
       0
       0
       0
       0
       0
       0
       0
       0
       0
       0
       0
       0
       0
       0
       0
       0
       0
       0
       0
       0
       0
       0
       0
       0
       0
       0
       0
       0
       0
       0
       0
       0
       0
       0
       0
       0
       0
       0
       0
       0
       0
       0
       0
       0
       0
       0
       0
       0
       0
       0
       0
       0
       0
       0
       0
       0
       0
       0
       0
       0
       0
       0
       0
       0
       0
       0
       0
       0
       0
       0
       0
       0
       0
       0
       0
       0
       0
       0
       0
       0
       0
       0
       0
       0
       0
       0
       0
       0
       0
       0
       0
       0
       0
       0
       0
       0
       0
       0
       0
       0
       0
       0
       0
       0
       0
       0
       0
       0
       0
       0
       0
       0
       0
       0
       0
       0
       0
       0
       0
       0
       0
       0
       0
       0
       0
       0
       0
       0
       0
       0
       0
       0
       0
       0
       0
       0
       0
       0
       0
       0
       0
       0
       0
       0
       0
       0
       0
       0
       0
       0
       0
       0
       0
       0
       0
       0
       0
       0
       0
       0
       0
       0
       0
       0
       0
       0
       0
       0
       0
       0
       0
       0
       0
       0
       0
       0
       0
       0
       0
       0
       0
       0
       0
       0
       0
       0
       0
       0
       0
       0
       0
       0
       0
       0
       0
       0
       0
       0
       0
       0
       0
       0
       0
       0
       0
       0
       0
       0
       0
       0
       0
       0
       0
       0
       0
       0
       0
       0
       0
       0
       0
       0
       0
       0
       0
       0
       0
       0
       0
       0
       0
       0
       0
       0
       0
       0
       0
       0
       0
       0
       0
       0
       0
       0
       0
       0
       0
       0
       0
       0
       0
       0
$ROI:
2
167 167
702 873
$PRESETS:
Live Time
1000
0
$ENER_FIT:
0.000000 7.496722
$MCA_CAL:
3
0.000000E+000 7.496722E+000 0.000000E+000 keV
$SHAPE_CAL:
3
7.824383E+000 0.000000E+000 0.000000E+000
