$SPEC_ID:
No sample description was entered.
$SPEC_REM:
DET# 1
DETDESC# E-C11SRPLAB222 MCB 129
AP# Maestro Version 7.01
$DATE_MEA:
02/12/2026 14:36:41
$MEAS_TIM:
120 120
$DATA:
0 2047
       0
       0
       0
       0
       0
       0
       0
       0
       0
       0
       0
       0
       0
       0
       0
       0
       0
       0
       0
       0
       0
       0
       0
       0
       0
       0
       0
       0
       0
       0
       0
       0
       0
       0
       0
       0
       0
       0
       0
       0
       0
       0
       0
       0
       0
       0
       0
       0
       0
       0
       2
       2
       2
       0
       0
       0
       0
       1
       0
       1
       0
       0
       0
       1
       3
       0
       0
       0
       0
       1
       1
       0
       0
       1
       1
       1
       1
       1
       1
       2
       0
       0
       1
       2
       0
       0
       1
       0
       0
       1
       1
       0
       0
       1
       0
       2
       0
       1
       1
       0
       1
       2
       1
       0
       1
       0
       1
       0
       0
       1
       2
       1
       0
       0
       0
       0
       0
       0
       0
       0
       0
       1
       1
       0
       0
       1
       0
       0
       2
       1
       1
       1
       0
       0
       0
       0
       1
       0
       1
       1
       0
       1
       0
       2
       0
       0
       1
       0
       2
       0
       0
       2
       0
       2
       0
       0
       0
       0
       0
       0
       2
       2
       1
       0
       0
       0
       2
       2
       1
       0
       1
       1
       0
       0
       0
       2
       1
       0
       0
       0
       0
       0
       0
       0
       0
       0
       2
       1
       1
       1
       0
       1
       1
       1
       0
       0
       2
       2
       0
       1
       0
       0
       0
       0
       1
       1
       0
       1
       1
       0
       0
       1
       0
       0
       1
       0
       0
       1
       0
       0
       1
       3
       1
       1
       1
       1
       3
       1
       0
       2
       0
       0
       1
       0
       1
       0
       0
       0
       0
       0
       1
       0
       1
       1
       1
       0
       2
       0
       0
       1
       0
       1
       0
       1
       0
       3
       1
       0
       0
       0
       0
       1
       0
       0
       0
       3
       2
       0
       1
       3
       1
       2
       1
       0
       0
       1
       1
       0
       0
       0
       0
       0
       0
       0
       0
       1
       0
       1
       0
       0
       0
       0
       0
       1
       0
       1
       1
       2
       0
       1
       0
       1
       0
       1
       1
       0
       0
       1
       0
       3
       0
       0
       1
       0
       1
       1
       1
       0
       0
       1
       0
       0
       2
       1
       1
       0
       0
       1
       0
       2
       2
       0
       0
       1
       0
       0
       0
       1
       1
       1
       0
       1
       0
       0
       1
       0
       1
       0
       0
       1
       1
       0
       0
       1
       0
       0
       0
       0
       0
       0
       0
       0
       0
       0
       1
       1
       2
       0
       0
       2
       0
       1
       0
       0
       1
       0
       1
       0
       0
       0
       2
       0
       0
       2
       1
       0
       2
       1
       1
       0
       0
       0
       0
       1
       0
       0
       1
       1
       1
       0
       1
       1
       2
       0
       1
       1
       0
       0
       1
       2
       1
       0
       0
       1
       1
       1
       1
       0
       0
       0
       0
       2
       0
       2
       3
       2
       0
       1
       0
       1
       0
       0
       0
       1
       2
       1
       0
       2
       0
       0
       1
       1
       1
       2
       1
       0
       1
       1
       1
       1
       0
       0
       0
       2
       2
       3
       0
       0
       1
       0
       2
       2
       1
       2
       0
       1
       1
       2
       2
       1
       1
       2
       0
       0
       1
       2
       1
       1
       1
       0
       1
       0
       0
       1
       1
       1
       2
       0
       0
       1
       0
       3
       1
       0
       2
       2
       3
       0
       0
       1
       0
       2
       3
       1
       2
       1
       0
       3
       1
       0
       1
       1
       1
       1
       0
       0
       0
       1
       2
       0
       2
       0
       0
       0
       2
       1
       1
       0
       3
       1
       1
       1
       1
       0
       0
       2
       2
       0
       2
       1
       1
       2
       1
       1
       1
       1
       0
       0
       2
       1
       1
       2
       0
       3
       2
       1
       0
       1
       1
       2
       1
       2
       1
       1
       1
       1
       2
       0
       2
       0
       2
       2
       0
       1
       0
       2
       3
       1
       0
       0
       0
       0
       0
       0
       5
       2
       1
       1
       1
       0
       1
       0
       3
       1
       2
       2
       1
       0
       1
       2
       0
       0
       2
       1
       0
       1
       3
       4
       2
       0
       1
       0
       2
       0
       2
       1
       2
       2
       4
       1
       1
       2
       5
       1
       1
       2
       1
       0
       1
       2
       2
       2
       1
       1
       2
       3
       4
       2
       3
       1
       0
       1
       2
       1
       2
       1
       2
       3
       6
       3
       1
       4
       1
       6
       3
       3
       2
       4
       1
       0
       3
       7
       3
       6
       3
       1
       5
       3
       4
       6
       5
       5
       4
       7
       6
       3
      11
       5
       7
       8
      10
       5
       6
       9
       3
      13
       8
       9
       7
      10
       9
       1
       7
      10
      10
      11
      10
      12
      11
      20
      15
      15
      13
      20
      12
       9
      20
      17
      16
      20
      24
      25
      19
      15
      24
      21
      20
      19
      23
      21
      30
      32
      26
      31
      31
      34
      25
      33
      25
      35
      26
      40
      32
      34
      43
      51
      48
      46
      39
      51
      45
      55
      39
      50
      45
      45
      46
      50
      61
      61
      66
      50
      58
      66
      61
      60
      59
      69
      60
      63
      60
      67
      86
      69
      58
      69
      59
      68
      71
      63
      99
      62
      72
      73
      71
      72
      82
      98
      82
      70
      79
      75
      77
      80
      82
      82
      83
      82
      68
      82
      67
      84
      81
      85
      81
      82
      99
      89
      58
      91
      83
      87
      84
      79
      76
      81
      62
      71
      83
      78
      78
      71
      56
      64
      58
      70
      64
      59
      57
      58
      60
      59
      59
      68
      63
      64
      59
      53
      57
      44
      53
      47
      42
      42
      44
      41
      49
      43
      44
      42
      39
      32
      36
      37
      38
      29
      40
      35
      42
      35
      20
      33
      25
      31
      16
      31
      21
      18
      19
      16
      30
      24
      18
      18
      23
      10
      13
      14
      15
      13
      18
      13
      14
       9
      11
      11
       5
      10
       5
       5
       6
       8
      11
      10
       4
       8
       4
       5
       6
       3
       4
       1
       1
       5
       6
       2
       4
       3
       7
       1
       1
       1
       6
       2
       1
       1
       1
       1
       1
       2
       4
       0
       2
       0
       0
       0
       1
       1
       1
       0
       0
       0
       2
       0
       0
       0
       1
       1
       1
       0
       1
       0
       0
       1
       0
       0
       1
       0
       0
       1
       0
       0
       1
       0
       0
       0
       0
       1
       0
       0
       0
       1
       1
       0
       0
       0
       0
       0
       0
       0
       0
       0
       0
       0
       0
       0
       0
       0
       0
       0
       0
       0
       0
       0
       0
       0
       0
       0
       0
       0
       0
       0
       1
       0
       0
       0
       0
       0
       0
       0
       0
       0
       0
       0
       0
       0
       0
       0
       0
       0
       0
       0
       0
       0
       0
       0
       0
       0
       0
       0
       0
       0
       0
       0
       0
       0
       0
       0
       0
       0
       0
       0
       0
       0
       0
       0
       0
       0
       0
       0
       0
       0
       0
       0
       0
       0
       0
       0
       0
       0
       0
       0
       0
       0
       0
       0
       0
       0
       0
       0
       0
       0
       0
       0
       0
       0
       1
       0
       0
       0
       0
       0
       0
       0
       0
       0
       0
       0
       0
       0
       0
       0
       0
       0
       0
       0
       0
       0
       0
       0
       0
       0
       0
       0
       0
       0
       0
       0
       0
       0
       0
       0
       0
       0
       0
       0
       0
       0
       0
       0
       0
       0
       0
       0
       0
       0
       0
       0
       0
       0
       0
       0
       0
       0
       0
       0
       0
       0
       0
       0
       0
       0
       0
       1
       0
       0
       0
       0
       0
       0
       0
       0
       0
       0
       0
       0
       0
       0
       0
       0
       0
       0
       0
       0
       0
       0
       0
       0
       0
       0
       0
       0
       0
       0
       0
       0
       0
       0
       0
       0
       0
       0
       0
       0
       0
       0
       0
       0
       0
       0
       0
       0
       0
       0
       0
       0
       0
       0
       0
       0
       0
       0
       0
       0
       0
       0
       0
       0
       0
       0
       0
       0
       0
       0
       0
       0
       0
       0
       0
       0
       0
       0
       0
       0
       0
       0
       0
       0
       0
       0
       0
       0
       0
       0
       0
       0
       0
       0
       0
       0
       0
       0
       0
       0
       0
       0
       0
       0
       0
       0
       0
       1
       0
       0
       0
       0
       0
       0
       0
       0
       0
       0
       0
       0
       0
       0
       0
       0
       0
       0
       0
       0
       0
       0
       0
       0
       0
       0
       0
       0
       0
       0
       0
       0
       0
       0
       1
       0
       0
       0
       0
       0
       0
       0
       0
       0
       0
       0
       0
       0
       0
       0
       0
       0
       0
       0
       0
       0
       0
       0
       0
       0
       0
       0
       0
       0
       0
       0
       0
       0
       0
       0
       0
       0
       0
       0
       0
       0
       0
       0
       0
       0
       0
       0
       0
       0
       0
       0
       0
       1
       0
       0
       0
       0
       0
       0
       0
       1
       0
       0
       0
       0
       0
       0
       0
       0
       0
       0
       0
       0
       0
       0
       0
       0
       0
       0
       0
       0
       0
       0
       0
       0
       0
       0
       0
       0
       0
       0
       0
       0
       0
       0
       0
       0
       0
       0
       0
       0
       0
       0
       0
       0
       0
       0
       0
       0
       0
       0
       0
       0
       0
       0
       0
       0
       0
       0
       0
       0
       0
       0
       0
       0
       0
       0
       0
       0
       0
       0
       0
       0
       0
       0
       0
       0
       0
       0
       0
       0
       0
       0
       0
       0
       0
       0
       0
       0
       1
       0
       0
       0
       0
       0
       0
       0
       0
       0
       0
       0
       0
       0
       0
       0
       1
       0
       0
       0
       0
       0
       0
       0
       0
       0
       0
       0
       0
       0
       0
       0
       0
       0
       0
       0
       0
       0
       0
       0
       0
       0
       0
       0
       0
       0
       0
       0
       0
       0
       0
       0
       0
       0
       0
       0
       0
       0
       0
       0
       0
       0
       0
       0
       0
       0
       0
       0
       0
       0
       0
       0
       0
       0
       0
       0
       1
       1
       0
       0
       0
       0
       0
       0
       0
       0
       0
       0
       0
       0
       0
       0
       0
       0
       0
       0
       0
       0
       0
       0
       0
       0
       0
       0
       0
       0
       0
       0
       0
       0
       0
       0
       0
       0
       1
       0
       0
       0
       0
       0
       0
       0
       0
       0
       0
       0
       0
       0
       0
       0
       1
       0
       0
       0
       0
       0
       0
       0
       0
       0
       1
       0
       0
       0
       0
       0
       0
       0
       1
       0
       0
       0
       0
       0
       0
       0
       0
       1
       0
       0
       0
       0
       0
       0
       0
       0
       0
       1
       0
       0
       0
       1
       0
       0
       0
       0
       0
       1
       0
       0
       1
       0
       0
       0
       0
       0
       0
       0
       0
       0
       0
       0
       0
       0
       0
       0
       0
       0
       0
       0
       0
       0
       0
       0
       0
       0
       0
       0
       0
       0
       0
       0
       0
       0
       0
       0
       0
       0
       0
       0
       0
       0
       0
       0
       0
       0
       0
       0
       0
       0
       0
       0
       0
       0
       0
       0
       0
       0
       0
       0
       0
       0
       0
       0
       0
       0
       0
       0
       0
       0
       0
       0
       0
       0
       0
       0
       0
       0
       0
       0
       0
       0
       0
       0
       0
       0
       0
       0
       0
       0
       0
       0
       0
       0
       0
       0
       0
       0
       0
       0
       0
       0
       0
       0
       0
       0
       0
       0
       0
       0
       0
       0
       0
       0
       0
       0
       0
       0
       0
       0
       0
       0
       0
       0
       0
       0
       0
       0
       0
       0
       0
       0
       0
       0
       0
       0
       0
       0
       0
       0
       0
       0
       0
       0
       0
       0
       0
       0
       0
       0
       0
       0
       0
       0
       0
       0
       0
       0
       0
       0
       0
       0
       0
       0
       0
       0
       0
       0
       0
       0
       0
       0
       0
       0
       0
       0
       0
       0
       0
       0
       0
       0
       0
       0
       0
       0
       0
       0
       0
       0
       0
       0
       0
       0
       0
       0
       0
       0
       0
       0
       0
       0
       0
       0
       0
       0
       0
       0
       0
       0
       0
       0
       0
       0
       0
       0
       0
       0
       0
       0
       0
       0
       0
       0
       0
       0
       0
       0
       0
       0
       0
       0
       0
       0
       0
       0
       0
       0
       0
       0
       0
       0
       0
       0
       0
       0
       0
       0
       0
       0
       0
       0
       0
       0
       0
       0
       0
       0
       0
       0
       0
       0
       0
       0
       0
       0
       0
       0
       0
       0
       0
       0
       0
       0
       0
       0
       0
       0
       0
       0
       0
       0
       0
       0
       0
       0
       0
       0
       0
       0
       0
       0
       0
       0
       0
       0
       0
       0
       0
       0
       0
       0
       0
       0
       0
       0
       0
       0
       0
       0
       0
       0
       0
       0
       0
       0
       0
       0
       0
       0
       0
       0
       0
       0
       0
       0
       0
       0
       0
       0
       0
       0
       0
       0
       0
       0
       0
       0
       0
       0
       0
       0
       0
       0
       0
       0
       0
       0
       0
       0
       0
       0
       0
       0
       0
       0
       0
       0
       0
       0
       0
       0
       0
       0
       0
       0
       0
       0
       0
       0
       0
       0
       0
       0
       0
       0
       0
       0
       0
       0
       0
       0
       0
       0
       0
       0
       0
       0
       0
       0
       0
       0
       0
       0
       0
       0
       0
       0
       0
       0
       0
       0
       0
       0
       0
       0
       0
       0
       0
       0
       0
       0
       0
       0
       0
       0
       0
       0
       0
       0
       0
       0
       0
       0
       0
       0
       0
       0
       0
       0
       0
       0
       0
       0
       0
       0
       0
       0
       0
       0
       0
       0
       0
       0
       0
       0
       0
       0
       0
       0
       0
       0
$ROI:
2
167 167
702 873
$PRESETS:
Live Time
1000
0
$ENER_FIT:
0.000000 7.496722
$MCA_CAL:
3
0.000000E+000 7.496722E+000 0.000000E+000 keV
$SHAPE_CAL:
3
7.824383E+000 0.000000E+000 0.000000E+000
