$SPEC_ID:
No sample description was entered.
$SPEC_REM:
DET# 1
DETDESC# E-C11SRPLAB222 MCB 129
AP# Maestro Version 7.01
$DATE_MEA:
02/12/2026 14:41:24
$MEAS_TIM:
113 113
$DATA:
0 2047
       0
       0
       0
       0
       0
       0
       0
       0
       0
       0
       0
       0
       0
       0
       0
       0
       0
       0
       0
       0
       0
       0
       0
       0
       0
       0
       0
       0
       0
       0
       0
       0
       0
       0
       0
       0
       0
       0
       0
       0
       0
       0
       0
       0
       0
       0
       0
       0
       0
       0
       1
       2
       0
       2
       0
       1
       3
       0
       0
       3
       0
       0
       0
       2
       1
       0
       1
       0
       0
       1
       3
       0
       0
       0
       0
       2
       1
       1
       1
       1
       1
       1
       1
       1
       1
       3
       0
       0
       0
       0
       2
       2
       2
       1
       2
       0
       3
       1
       1
       0
       2
       0
       1
       0
       0
       1
       0
       0
       1
       0
       1
       0
       1
       1
       0
       1
       0
       2
       1
       0
       3
       1
       1
       0
       0
       1
       0
       0
       0
       0
       0
       0
       2
       0
       0
       0
       2
       1
       1
       1
       0
       0
       0
       0
       1
       1
       0
       0
       0
       0
       0
       0
       0
       0
       0
       0
       2
       1
       4
       0
       0
       0
       1
       1
       2
       1
       0
       3
       1
       1
       1
       0
       0
       0
       0
       1
       2
       0
       0
       1
       3
       1
       1
       0
       1
       0
       1
       1
       0
       0
       0
       1
       0
       3
       0
       1
       0
       1
       1
       2
       1
       1
       1
       1
       0
       0
       1
       0
       0
       0
       2
       0
       0
       0
       1
       0
       0
       1
       0
       1
       1
       0
       2
       0
       1
       1
       1
       0
       0
       0
       0
       0
       1
       0
       0
       1
       2
       2
       1
       0
       0
       1
       2
       1
       1
       1
       1
       0
       0
       0
       0
       1
       1
       0
       1
       0
       0
       2
       0
       2
       0
       0
       1
       2
       1
       1
       0
       2
       0
       1
       1
       1
       0
       3
       1
       0
       3
       0
       0
       1
       0
       0
       2
       0
       2
       0
       0
       3
       0
       2
       2
       1
       1
       0
       2
       2
       2
       0
       0
       1
       0
       0
       1
       2
       2
       1
       0
       2
       0
       1
       1
       1
       1
       1
       1
       0
       0
       1
       1
       3
       2
       1
       2
       1
       0
       0
       3
       1
       2
       2
       0
       1
       0
       2
       1
       2
       3
       0
       0
       2
       0
       1
       1
       0
       1
       0
       0
       0
       1
       1
       0
       2
       0
       2
       1
       0
       1
       1
       1
       3
       0
       0
       1
       1
       1
       1
       1
       0
       1
       2
       2
       1
       3
       1
       2
       1
       1
       3
       1
       1
       1
       2
       0
       3
       1
       0
       0
       0
       1
       2
       1
       0
       3
       1
       0
       2
       3
       0
       1
       1
       1
       2
       1
       3
       0
       1
       0
       1
       1
       2
       0
       1
       0
       0
       0
       2
       1
       0
       1
       0
       0
       0
       1
       2
       2
       2
       0
       1
       2
       0
       1
       2
       1
       0
       1
       1
       2
       1
       1
       0
       1
       0
       0
       0
       0
       1
       1
       0
       3
       2
       2
       4
       0
       1
       0
       2
       1
       3
       1
       1
       1
       4
       0
       0
       0
       1
       2
       1
       1
       2
       1
       0
       1
       2
       1
       1
       1
       0
       0
       3
       1
       2
       3
       1
       2
       1
       3
       0
       2
       1
       0
       2
       1
       1
       1
       1
       0
       1
       4
       2
       1
       2
       1
       2
       2
       3
       3
       3
       1
       1
       4
       5
       2
       5
       1
       3
       2
       4
       4
       1
       4
       1
       3
       4
       3
       3
       3
       5
       1
       1
       4
       3
       3
       5
       3
      13
       0
       7
       5
       3
       7
       3
       6
       2
       3
       2
      10
       4
       5
       8
       5
       7
      11
       5
      11
       3
       9
       6
       9
      10
       9
      11
      15
      17
       5
      10
       7
       8
      12
      11
      13
      16
      11
      10
      11
      11
      14
      11
      10
      14
      15
      19
      12
      19
      24
      14
      20
      15
      22
      16
      31
      20
      20
      20
      20
      20
      29
      16
      21
      24
      26
      21
      27
      27
      19
      30
      24
      31
      30
      27
      26
      26
      40
      33
      47
      43
      44
      38
      34
      39
      34
      52
      46
      45
      35
      48
      40
      35
      49
      41
      49
      49
      47
      43
      41
      48
      55
      48
      60
      53
      56
      55
      55
      51
      49
      69
      59
      63
      62
      66
      60
      56
      60
      72
      54
      53
      47
      62
      67
      54
      62
      60
      66
      61
      70
      65
      78
      57
      59
      62
      62
      60
      58
      67
      57
      54
      62
      54
      68
      49
      63
      65
      71
      41
      79
      57
      61
      55
      71
      62
      67
      60
      51
      51
      54
      61
      61
      54
      59
      62
      60
      51
      58
      58
      53
      41
      71
      61
      53
      48
      54
      49
      49
      34
      53
      44
      42
      37
      27
      50
      35
      45
      39
      32
      25
      31
      30
      39
      25
      46
      29
      29
      22
      24
      30
      30
      29
      25
      24
      19
      23
      20
      13
      18
      29
      10
      16
      11
      15
      19
      14
      15
      16
      16
      11
       6
      13
      12
      10
       7
       9
       8
       9
      10
       6
       4
       8
      11
       6
       8
       3
       8
       6
       1
       6
       7
       4
       4
       3
       3
       5
       3
       4
       4
       4
       4
       1
       1
       4
       2
       2
       2
       2
       0
       2
       1
       0
       1
       1
       1
       2
       0
       0
       2
       1
       1
       1
       0
       1
       1
       0
       1
       1
       0
       0
       1
       1
       2
       0
       0
       1
       1
       0
       0
       0
       1
       0
       0
       0
       2
       1
       1
       0
       0
       0
       0
       0
       1
       1
       0
       0
       1
       1
       0
       0
       0
       0
       0
       1
       0
       0
       1
       0
       0
       0
       0
       0
       0
       0
       0
       0
       0
       0
       0
       0
       0
       0
       0
       0
       0
       0
       0
       0
       0
       0
       0
       0
       0
       0
       0
       0
       0
       0
       0
       0
       0
       0
       0
       0
       0
       0
       0
       0
       0
       0
       0
       0
       0
       0
       0
       0
       0
       0
       0
       0
       0
       0
       0
       0
       0
       0
       0
       0
       0
       0
       0
       0
       0
       0
       1
       0
       0
       0
       0
       0
       0
       0
       0
       0
       0
       0
       0
       0
       0
       0
       0
       0
       0
       0
       0
       0
       0
       0
       0
       0
       0
       0
       0
       0
       0
       0
       0
       0
       0
       0
       0
       0
       0
       0
       0
       0
       0
       0
       0
       0
       0
       0
       0
       0
       0
       0
       0
       0
       0
       0
       0
       0
       0
       0
       0
       0
       0
       0
       0
       0
       0
       0
       0
       0
       0
       0
       0
       0
       0
       0
       0
       0
       0
       0
       0
       0
       0
       0
       0
       0
       0
       0
       0
       0
       0
       0
       0
       0
       0
       0
       0
       0
       0
       0
       0
       0
       0
       0
       0
       0
       0
       0
       0
       0
       0
       0
       0
       0
       0
       0
       0
       0
       0
       0
       0
       0
       0
       0
       0
       0
       0
       0
       0
       0
       0
       0
       0
       0
       0
       0
       0
       0
       0
       0
       0
       0
       0
       0
       0
       0
       0
       0
       0
       0
       0
       0
       0
       0
       0
       0
       0
       0
       0
       0
       0
       0
       0
       0
       0
       0
       0
       0
       0
       0
       0
       0
       0
       0
       0
       0
       0
       0
       0
       0
       0
       0
       0
       0
       0
       0
       0
       0
       0
       0
       0
       0
       0
       0
       0
       0
       0
       0
       0
       0
       0
       0
       0
       0
       0
       0
       0
       0
       0
       0
       0
       0
       0
       0
       0
       0
       0
       0
       0
       0
       0
       0
       0
       0
       0
       0
       0
       0
       0
       0
       0
       0
       0
       0
       0
       0
       0
       0
       0
       0
       0
       0
       0
       0
       0
       0
       0
       0
       0
       0
       0
       0
       0
       0
       0
       0
       0
       0
       0
       0
       0
       0
       0
       0
       0
       0
       0
       0
       0
       0
       0
       0
       0
       0
       0
       0
       0
       0
       0
       0
       0
       0
       0
       0
       0
       0
       0
       0
       0
       0
       0
       0
       0
       0
       0
       0
       0
       0
       0
       0
       0
       0
       0
       0
       0
       0
       0
       0
       0
       0
       0
       0
       0
       0
       0
       0
       0
       0
       0
       0
       0
       0
       0
       0
       0
       0
       0
       0
       0
       0
       0
       0
       0
       0
       0
       0
       0
       0
       0
       0
       0
       0
       0
       0
       0
       0
       0
       0
       0
       0
       0
       0
       0
       0
       0
       0
       0
       0
       0
       0
       0
       0
       0
       0
       0
       0
       0
       0
       0
       0
       0
       0
       0
       0
       0
       0
       0
       0
       0
       0
       0
       0
       0
       0
       0
       0
       0
       0
       0
       0
       0
       0
       0
       0
       0
       0
       0
       0
       0
       0
       0
       0
       0
       0
       0
       0
       0
       0
       0
       0
       0
       0
       0
       0
       0
       0
       0
       0
       0
       0
       0
       0
       0
       0
       0
       0
       0
       0
       0
       0
       0
       0
       0
       0
       0
       0
       0
       0
       0
       0
       0
       0
       0
       0
       0
       0
       0
       0
       0
       0
       0
       0
       0
       0
       0
       0
       0
       0
       0
       0
       0
       0
       0
       0
       0
       0
       0
       0
       0
       0
       0
       0
       0
       0
       0
       0
       0
       0
       0
       0
       0
       0
       0
       0
       0
       0
       0
       0
       0
       0
       0
       0
       0
       0
       0
       0
       0
       0
       1
       1
       0
       0
       0
       0
       0
       0
       0
       0
       0
       0
       0
       0
       0
       0
       0
       0
       0
       0
       0
       0
       0
       0
       0
       0
       0
       0
       0
       0
       0
       0
       0
       0
       0
       0
       0
       0
       0
       0
       0
       0
       0
       0
       0
       0
       0
       0
       0
       0
       0
       0
       0
       0
       0
       0
       0
       0
       0
       0
       0
       0
       0
       0
       0
       0
       0
       0
       0
       0
       0
       0
       0
       0
       0
       0
       0
       0
       0
       0
       0
       0
       0
       0
       0
       0
       0
       0
       0
       0
       0
       0
       0
       0
       0
       0
       1
       0
       0
       0
       0
       0
       0
       0
       0
       0
       0
       0
       0
       0
       0
       0
       0
       0
       0
       0
       0
       0
       1
       0
       0
       0
       0
       0
       0
       0
       0
       0
       0
       0
       0
       0
       0
       0
       0
       0
       1
       0
       0
       0
       0
       0
       0
       0
       0
       0
       0
       0
       1
       0
       0
       0
       0
       0
       1
       0
       0
       0
       0
       0
       0
       0
       0
       0
       1
       0
       0
       0
       0
       0
       0
       0
       0
       0
       0
       0
       0
       0
       0
       0
       0
       0
       0
       0
       0
       0
       0
       0
       0
       0
       0
       0
       0
       0
       0
       0
       0
       0
       0
       0
       0
       0
       0
       0
       0
       0
       0
       0
       0
       0
       0
       0
       0
       0
       0
       0
       0
       0
       0
       0
       0
       0
       0
       0
       0
       0
       0
       0
       0
       0
       0
       0
       0
       0
       0
       0
       0
       0
       0
       0
       0
       0
       0
       0
       0
       0
       0
       0
       0
       0
       0
       0
       0
       0
       0
       0
       0
       0
       0
       0
       0
       0
       0
       0
       0
       0
       0
       0
       0
       0
       0
       0
       0
       0
       0
       0
       0
       0
       0
       0
       0
       0
       0
       0
       0
       0
       0
       0
       0
       0
       0
       0
       0
       0
       0
       0
       0
       0
       0
       0
       0
       0
       0
       0
       0
       0
       0
       0
       0
       0
       0
       0
       0
       0
       0
       0
       0
       0
       0
       0
       0
       0
       0
       0
       0
       0
       0
       0
       0
       0
       0
       0
       0
       0
       0
       0
       0
       0
       0
       0
       0
       0
       0
       0
       0
       0
       0
       0
       0
       0
       0
       0
       0
       0
       0
       0
       0
       0
       0
       0
       0
       0
       0
       0
       0
       0
       0
       0
       0
       0
       0
       0
       0
       0
       0
       0
       0
       0
       0
       0
       0
       0
       0
       0
       0
       0
       0
       0
       0
       0
       0
       0
       0
       0
       0
       0
       0
       0
       0
       0
       0
       0
       0
       0
       0
       0
       0
       0
       0
       0
       0
       0
       0
       0
       0
       0
       0
       0
       0
       0
       0
       0
       0
       0
       0
       0
       0
       0
       0
       0
       0
       0
       0
       0
       0
       0
       0
       0
       0
       0
       0
       0
       0
       0
       0
       0
       0
       0
       0
       0
       0
       0
       0
       0
       0
       0
       0
       0
       0
       0
       0
       0
       0
       0
       0
       0
       0
       0
       0
       0
       0
       0
       0
       0
       0
       0
       0
       0
       0
       0
       0
       0
       0
       0
       0
       0
       0
       0
       0
       0
       0
       0
       0
       0
       0
       0
       0
       0
       0
       0
       0
       0
       0
       0
       0
       0
       0
       0
       0
       0
       0
       0
       0
       0
       0
       0
       0
       0
       0
       0
       0
       0
       0
       0
       0
       0
       0
       0
       0
       0
       0
       0
       0
       0
       0
       0
       0
       0
       0
       0
       0
       0
       0
       0
       0
       0
       0
       0
       0
       0
       0
       0
       0
       0
       0
       0
       0
       0
       0
       0
       0
       0
       0
       0
       0
       0
       0
       0
       0
       0
       0
       0
       0
       0
       0
       0
       0
       0
       0
       0
       0
       0
       0
       0
       0
       0
       0
       0
       0
       0
       0
       0
       0
       0
       0
       0
       0
       0
       0
       0
       0
       0
       0
       0
       0
       0
       0
       0
       0
       0
       0
       0
       0
       0
       0
       0
       0
       0
       0
       0
       0
       0
       0
       0
       0
       0
       0
       0
       0
       0
       0
$ROI:
2
167 167
564 762
$PRESETS:
Live Time
1000
0
$ENER_FIT:
0.000000 7.496722
$MCA_CAL:
3
0.000000E+000 7.496722E+000 0.000000E+000 keV
$SHAPE_CAL:
3
7.824383E+000 0.000000E+000 0.000000E+000
