$SPEC_ID:
No sample description was entered.
$SPEC_REM:
DET# 1
DETDESC# E-C11SRPLAB222 MCB 129
AP# Maestro Version 7.01
$DATE_MEA:
02/12/2026 14:46:01
$MEAS_TIM:
123 123
$DATA:
0 2047
       0
       0
       0
       0
       0
       0
       0
       0
       0
       0
       0
       0
       0
       0
       0
       0
       0
       0
       0
       0
       0
       0
       0
       0
       0
       0
       0
       0
       0
       0
       0
       0
       0
       0
       0
       0
       0
       0
       0
       0
       0
       0
       0
       0
       0
       0
       0
       0
       0
       0
       2
       2
       2
       0
       0
       1
       1
       1
       1
       0
       0
       1
       1
       3
       1
       0
       0
       1
       0
       0
       1
       2
       2
       4
       1
       0
       3
       2
       1
       1
       1
       0
       0
       0
       1
       0
       1
       0
       1
       1
       2
       1
       2
       0
       0
       0
       1
       2
       3
       0
       0
       2
       1
       1
       1
       1
       3
       1
       0
       2
       2
       1
       0
       0
       2
       0
       0
       0
       0
       0
       0
       1
       0
       1
       0
       0
       0
       0
       0
       3
       0
       1
       3
       0
       2
       1
       0
       0
       1
       0
       0
       1
       1
       0
       0
       1
       2
       0
       1
       1
       0
       2
       0
       3
       0
       0
       1
       2
       1
       1
       2
       1
       1
       0
       0
       1
       0
       0
       1
       0
       0
       2
       0
       0
       2
       1
       0
       1
       0
       0
       3
       0
       0
       2
       0
       0
       1
       4
       2
       0
       2
       1
       1
       1
       0
       0
       0
       0
       0
       0
       0
       1
       0
       0
       0
       2
       0
       3
       0
       1
       1
       1
       1
       0
       1
       1
       0
       1
       0
       1
       0
       1
       1
       3
       0
       0
       0
       0
       1
       0
       1
       0
       2
       0
       1
       0
       1
       0
       2
       0
       0
       0
       1
       1
       0
       1
       0
       1
       1
       0
       0
       0
       0
       1
       0
       0
       1
       3
       2
       1
       0
       0
       0
       0
       1
       0
       1
       1
       1
       0
       2
       0
       0
       1
       0
       2
       1
       1
       0
       0
       1
       0
       0
       1
       0
       1
       0
       0
       4
       0
       1
       0
       2
       1
       1
       0
       1
       1
       0
       1
       1
       2
       3
       2
       0
       2
       0
       3
       1
       0
       0
       1
       2
       1
       0
       1
       1
       0
       3
       1
       2
       1
       1
       1
       1
       0
       1
       2
       2
       0
       1
       1
       1
       1
       1
       3
       1
       1
       0
       1
       2
       1
       1
       0
       0
       1
       0
       1
       1
       1
       1
       3
       1
       1
       1
       1
       1
       2
       1
       2
       2
       0
       1
       0
       2
       4
       1
       4
       5
       1
       1
       1
       0
       1
       2
       1
       2
       2
       1
       1
       1
       0
       0
       1
       1
       0
       3
       1
       0
       1
       1
       0
       0
       1
       0
       1
       1
       0
       1
       3
       1
       0
       2
       1
       0
       2
       0
       0
       0
       2
       2
       1
       1
       0
       3
       0
       2
       2
       2
       0
       2
       2
       0
       1
       0
       2
       2
       0
       1
       0
       0
       2
       1
       3
       2
       1
       2
       1
       0
       1
       2
       1
       1
       0
       0
       1
       1
       2
       1
       1
       2
       0
       0
       1
       1
       0
       1
       0
       1
       1
       2
       0
       2
       2
       0
       0
       3
       3
       1
       1
       3
       1
       3
       0
       1
       0
       0
       1
       2
       1
       1
       1
       1
       1
       1
       2
       0
       3
       0
       2
       1
       0
       3
       0
       2
       1
       0
       1
       1
       3
       1
       2
       1
       2
       2
       2
       3
       3
       2
       0
       3
       2
       6
       5
       1
       3
       0
       3
       5
       1
       2
       3
       1
       0
       3
       3
       1
       2
       7
       2
       5
       4
       4
       8
       2
       3
       2
       8
       4
       1
       5
       2
       2
       5
       4
       4
       8
       6
       7
       5
       2
       6
       7
       8
       6
       9
      10
      11
      10
      10
       6
       5
       8
      11
       7
       7
      12
      12
      10
      18
       8
      13
      20
      19
      12
      22
      13
       7
      14
      16
      20
      14
      17
      15
      16
      16
      22
      24
      16
      18
      23
      24
      23
      17
      28
      24
      25
      37
      25
      18
      33
      23
      32
      31
      31
      31
      36
      27
      33
      35
      33
      30
      39
      23
      42
      41
      35
      35
      48
      27
      25
      40
      47
      45
      45
      41
      51
      61
      44
      52
      62
      65
      55
      67
      50
      56
      53
      69
      65
      45
      66
      49
      69
      53
      45
      49
      58
      48
      63
      53
      61
      56
      72
      54
      67
      75
      68
      67
      69
      81
      68
      73
      72
      55
      57
      81
      73
      65
      70
      56
      71
      78
      66
      72
      68
      78
      68
      65
      64
      65
      81
      73
      74
      64
      66
      74
      63
      65
      69
      66
      59
      67
      64
      57
      60
      63
      62
      56
      56
      52
      62
      53
      55
      61
      54
      48
      62
      53
      38
      57
      53
      52
      40
      30
      33
      45
      40
      48
      32
      41
      43
      48
      41
      39
      33
      27
      40
      36
      40
      31
      28
      28
      32
      36
      28
      31
      27
      28
      23
      21
      22
      23
      21
      14
      23
      22
      15
      20
      21
      19
      19
      12
      18
      16
      10
      15
      14
      13
      12
      12
      10
      13
      16
      10
      13
      10
       5
      13
       4
      11
       6
       5
       9
       7
      11
       5
       3
       5
       8
       1
       4
       5
       2
       4
       2
       6
       7
       3
       1
       4
       4
       5
       2
       4
       2
       2
       3
       0
       1
       1
       5
       3
       0
       1
       1
       0
       3
       0
       1
       3
       0
       1
       0
       0
       3
       0
       0
       1
       1
       2
       1
       0
       2
       1
       1
       0
       2
       0
       0
       2
       0
       1
       0
       0
       0
       0
       0
       0
       0
       0
       0
       0
       0
       1
       0
       0
       0
       0
       0
       0
       0
       0
       0
       1
       0
       0
       0
       0
       0
       0
       0
       0
       0
       0
       0
       0
       0
       0
       0
       0
       0
       0
       0
       0
       0
       0
       0
       0
       0
       0
       0
       0
       0
       0
       0
       0
       0
       0
       0
       0
       0
       0
       0
       0
       0
       0
       0
       0
       0
       0
       0
       0
       0
       0
       0
       0
       0
       0
       0
       0
       0
       0
       0
       0
       0
       0
       0
       0
       0
       0
       0
       0
       0
       0
       0
       0
       0
       0
       0
       0
       0
       0
       0
       0
       0
       0
       0
       0
       0
       0
       0
       0
       0
       0
       0
       0
       0
       0
       0
       0
       0
       0
       0
       0
       0
       0
       0
       0
       0
       0
       0
       0
       0
       0
       0
       0
       0
       0
       0
       0
       0
       0
       0
       0
       0
       0
       0
       0
       0
       0
       0
       0
       0
       0
       0
       0
       0
       0
       0
       0
       0
       0
       0
       0
       0
       0
       0
       0
       0
       0
       0
       0
       0
       0
       0
       0
       0
       0
       0
       0
       0
       0
       0
       0
       0
       0
       0
       0
       0
       0
       0
       0
       0
       0
       0
       0
       0
       0
       0
       0
       0
       0
       0
       0
       0
       0
       0
       0
       0
       0
       0
       0
       0
       0
       0
       0
       0
       0
       0
       0
       0
       0
       0
       0
       0
       0
       0
       0
       0
       0
       0
       0
       0
       0
       0
       0
       0
       0
       0
       0
       0
       0
       0
       0
       0
       0
       0
       0
       0
       0
       0
       0
       0
       0
       0
       0
       0
       0
       0
       0
       0
       0
       0
       0
       0
       0
       0
       0
       0
       0
       0
       0
       0
       0
       0
       0
       0
       0
       1
       0
       0
       0
       0
       0
       0
       0
       0
       0
       0
       0
       0
       0
       0
       0
       0
       0
       0
       0
       0
       0
       0
       0
       0
       0
       0
       0
       0
       0
       0
       0
       0
       0
       0
       0
       0
       0
       0
       0
       0
       0
       0
       0
       0
       0
       0
       0
       0
       0
       0
       0
       0
       0
       0
       0
       0
       0
       0
       0
       0
       0
       0
       0
       0
       1
       0
       0
       0
       0
       0
       0
       0
       0
       0
       0
       0
       0
       0
       0
       0
       0
       0
       0
       0
       0
       0
       0
       0
       0
       0
       0
       0
       0
       0
       0
       0
       0
       0
       0
       0
       0
       0
       0
       0
       0
       0
       0
       0
       0
       0
       0
       0
       0
       0
       0
       0
       0
       0
       0
       0
       0
       0
       0
       0
       0
       0
       0
       0
       0
       0
       0
       0
       0
       0
       0
       0
       0
       0
       0
       0
       0
       0
       0
       0
       0
       0
       0
       0
       0
       0
       0
       0
       0
       0
       0
       0
       0
       0
       0
       0
       0
       0
       0
       0
       0
       0
       0
       0
       0
       0
       0
       0
       0
       0
       0
       0
       0
       0
       0
       0
       0
       0
       0
       0
       0
       0
       0
       0
       0
       0
       0
       0
       0
       0
       0
       0
       0
       0
       0
       0
       0
       0
       0
       0
       0
       0
       0
       0
       0
       0
       0
       0
       0
       0
       0
       0
       0
       0
       0
       0
       0
       0
       0
       0
       0
       0
       0
       0
       0
       0
       0
       0
       0
       0
       0
       0
       0
       0
       0
       0
       0
       0
       0
       0
       0
       0
       0
       0
       0
       0
       0
       0
       0
       0
       0
       0
       0
       0
       0
       0
       0
       0
       0
       0
       0
       0
       0
       0
       0
       0
       0
       0
       0
       0
       0
       0
       0
       0
       0
       0
       0
       0
       0
       0
       0
       0
       0
       0
       0
       0
       0
       0
       0
       0
       0
       0
       1
       0
       0
       0
       0
       0
       0
       0
       0
       0
       0
       0
       0
       0
       0
       0
       0
       0
       0
       0
       0
       0
       0
       0
       0
       0
       0
       0
       0
       0
       0
       0
       0
       0
       0
       0
       0
       0
       0
       0
       0
       0
       0
       0
       0
       0
       0
       0
       0
       0
       0
       0
       0
       0
       0
       0
       0
       0
       0
       0
       0
       0
       0
       0
       0
       0
       0
       0
       0
       0
       0
       0
       0
       0
       0
       0
       0
       1
       0
       0
       0
       0
       0
       0
       0
       0
       0
       0
       0
       0
       0
       0
       0
       0
       0
       0
       0
       0
       0
       0
       0
       0
       0
       0
       0
       0
       0
       0
       0
       0
       0
       0
       0
       0
       1
       0
       0
       0
       0
       0
       0
       0
       0
       0
       0
       0
       0
       1
       0
       0
       0
       0
       0
       0
       0
       0
       0
       0
       0
       0
       0
       0
       0
       0
       0
       0
       0
       0
       0
       0
       0
       0
       0
       0
       0
       0
       0
       0
       0
       0
       0
       0
       0
       0
       0
       0
       0
       0
       0
       0
       0
       0
       0
       0
       0
       0
       0
       0
       0
       0
       0
       0
       0
       1
       0
       0
       0
       0
       0
       0
       0
       0
       0
       1
       0
       0
       0
       0
       0
       0
       0
       0
       0
       0
       0
       0
       0
       0
       0
       0
       0
       0
       0
       0
       0
       0
       0
       0
       0
       0
       0
       0
       0
       0
       0
       0
       0
       0
       0
       0
       0
       0
       0
       0
       0
       0
       0
       0
       0
       0
       0
       0
       0
       0
       0
       0
       0
       0
       0
       0
       0
       0
       0
       0
       0
       0
       0
       0
       0
       0
       0
       0
       0
       0
       0
       0
       0
       0
       0
       0
       0
       0
       0
       0
       0
       0
       0
       0
       0
       0
       0
       0
       0
       0
       0
       0
       0
       0
       0
       0
       0
       0
       0
       0
       0
       0
       0
       0
       0
       0
       0
       0
       0
       0
       0
       0
       0
       0
       0
       0
       0
       0
       0
       0
       0
       0
       0
       0
       0
       0
       0
       0
       0
       0
       0
       0
       0
       0
       0
       0
       0
       0
       0
       0
       0
       0
       0
       0
       0
       0
       0
       0
       0
       0
       0
       0
       0
       0
       0
       0
       0
       0
       0
       0
       0
       0
       0
       0
       0
       0
       0
       0
       0
       0
       0
       0
       0
       0
       0
       0
       0
       0
       0
       0
       0
       0
       0
       0
       0
       0
       0
       0
       0
       0
       0
       0
       0
       0
       0
       0
       0
       0
       0
       0
       0
       0
       0
       0
       0
       0
       0
       0
       0
       0
       0
       0
       0
       0
       0
       0
       0
       0
       0
       0
       0
       0
       0
       0
       0
       0
       0
       0
       0
       0
       0
       0
       0
       0
       0
       0
       0
       0
       0
       0
       0
       0
       0
       0
       0
       0
       0
       0
       0
       0
       0
       0
       0
       0
       0
       0
       0
       0
       0
       0
       0
       0
       0
       0
       0
       0
       0
       0
       0
       0
       0
       0
       0
       0
       0
       0
       0
       0
       0
       0
       0
       0
       0
       0
       0
       0
       0
       0
       0
       0
       0
       0
       0
       0
       0
       0
       0
       0
       0
       0
       0
       0
       0
       0
       0
       0
       0
       0
       0
       0
       0
       0
       0
       0
       0
       0
       0
       0
       0
       0
       0
       0
       0
       0
       0
       0
       0
       0
       0
       0
       0
       0
       0
       0
       0
       0
       0
       0
       0
       0
       0
       0
       0
       0
       0
       0
       0
       0
       0
       0
       0
       0
       0
       0
       0
       0
       0
       0
       0
       0
       0
       0
       0
       0
       0
       0
       0
       0
       0
       0
       0
       0
       0
       0
       0
       0
       0
       0
       0
       0
       0
       0
       0
       0
       0
       0
       0
       0
       0
       0
       0
       0
       0
       0
       0
       0
       0
       0
       0
       0
       0
       0
       0
       0
       0
       0
       0
       0
       0
       0
       0
       0
       0
       0
       0
       0
       0
       0
       0
       0
       0
       0
       0
       0
       0
       0
       0
       0
       0
       0
       0
       0
       0
       0
       0
       0
       0
       0
       0
       0
       0
       0
       0
       0
       0
       0
       0
       0
       0
$ROI:
2
167 167
564 762
$PRESETS:
Live Time
1000
0
$ENER_FIT:
0.000000 7.496722
$MCA_CAL:
3
0.000000E+000 7.496722E+000 0.000000E+000 keV
$SHAPE_CAL:
3
7.824383E+000 0.000000E+000 0.000000E+000
