$SPEC_ID:
No sample description was entered.
$SPEC_REM:
DET# 1
DETDESC# E-C11SRPLAB222 MCB 129
AP# Maestro Version 7.01
$DATE_MEA:
02/12/2026 14:43:40
$MEAS_TIM:
118 118
$DATA:
0 2047
       0
       0
       0
       0
       0
       0
       0
       0
       0
       0
       0
       0
       0
       0
       0
       0
       0
       0
       0
       0
       0
       0
       0
       0
       0
       0
       0
       0
       0
       0
       0
       0
       0
       0
       0
       0
       0
       0
       0
       0
       0
       0
       0
       0
       0
       0
       0
       0
       0
       0
       1
       1
       2
       3
       1
       4
       1
       1
       2
       3
       2
       2
       1
       0
       0
       1
       0
       0
       0
       1
       0
       0
       0
       0
       0
       0
       1
       0
       1
       2
       0
       2
       0
       0
       0
       0
       0
       0
       0
       1
       1
       0
       0
       0
       1
       0
       0
       0
       0
       1
       1
       2
       1
       0
       1
       0
       0
       0
       0
       2
       1
       0
       0
       1
       0
       0
       2
       0
       1
       0
       0
       0
       1
       1
       1
       0
       2
       2
       0
       1
       1
       0
       0
       0
       0
       0
       1
       1
       0
       1
       1
       1
       1
       0
       1
       0
       2
       1
       2
       1
       1
       0
       1
       1
       0
       1
       1
       0
       0
       3
       2
       0
       1
       3
       1
       1
       0
       0
       1
       0
       0
       0
       0
       0
       1
       1
       0
       1
       1
       3
       0
       1
       0
       0
       0
       1
       3
       1
       2
       0
       2
       0
       0
       2
       1
       1
       1
       2
       2
       0
       0
       1
       0
       1
       0
       0
       1
       1
       1
       1
       0
       1
       1
       4
       1
       2
       0
       0
       1
       3
       0
       1
       0
       1
       0
       1
       0
       0
       0
       1
       1
       1
       0
       1
       0
       0
       0
       0
       1
       0
       1
       2
       1
       1
       1
       2
       1
       0
       1
       0
       0
       0
       1
       0
       3
       0
       1
       0
       0
       0
       1
       0
       1
       1
       0
       0
       1
       2
       1
       0
       0
       1
       0
       0
       0
       0
       1
       0
       1
       2
       1
       1
       2
       0
       0
       1
       1
       0
       2
       1
       0
       0
       1
       2
       3
       1
       0
       2
       0
       3
       0
       0
       1
       1
       1
       0
       0
       0
       3
       0
       2
       1
       0
       0
       0
       2
       0
       0
       2
       4
       0
       2
       1
       0
       4
       2
       3
       1
       1
       1
       1
       2
       1
       2
       0
       2
       2
       0
       3
       0
       3
       1
       1
       0
       3
       0
       1
       2
       1
       2
       0
       3
       1
       0
       1
       0
       0
       0
       1
       0
       0
       0
       1
       1
       2
       1
       1
       2
       0
       0
       1
       1
       1
       0
       1
       1
       1
       1
       0
       0
       3
       0
       1
       3
       0
       0
       0
       1
       0
       2
       1
       3
       1
       1
       0
       0
       1
       0
       1
       1
       0
       0
       0
       0
       0
       0
       0
       2
       1
       1
       0
       0
       1
       1
       0
       1
       0
       1
       2
       1
       1
       0
       0
       0
       2
       1
       2
       0
       0
       0
       2
       0
       1
       1
       1
       0
       1
       1
       0
       1
       1
       1
       0
       0
       0
       1
       1
       2
       0
       3
       0
       2
       0
       0
       4
       0
       0
       0
       4
       1
       1
       3
       0
       2
       1
       1
       0
       0
       0
       4
       0
       1
       0
       1
       1
       2
       0
       2
       3
       2
       1
       0
       1
       1
       2
       1
       2
       0
       1
       1
       4
       1
       0
       1
       1
       3
       3
       1
       3
       2
       0
       3
       2
       3
       2
       1
       1
       3
       1
       2
       1
       1
       3
       3
       1
       6
       2
       4
       3
       4
       4
       1
       2
       1
       0
       2
       2
       2
       3
       2
       3
       3
       3
       5
       3
       5
       6
       5
       0
       6
       6
       5
       2
       5
       6
       2
       6
       5
       4
       3
       7
       5
       5
      10
       5
       7
       8
       8
       8
      13
      14
       5
      10
      12
       5
      13
       8
      12
      15
      12
      14
       9
      12
      19
      12
      12
      12
      17
      16
      11
      14
      11
      12
      14
      14
      16
      19
      19
      17
      14
      16
      24
      18
      15
      15
      24
      16
      33
      32
      34
      27
      27
      15
      35
      22
      31
      20
      37
      37
      41
      35
      32
      34
      44
      33
      34
      37
      40
      37
      33
      43
      35
      54
      34
      43
      45
      49
      36
      45
      50
      58
      42
      47
      45
      41
      57
      59
      45
      56
      59
      48
      56
      54
      56
      61
      61
      64
      74
      48
      69
      57
      66
      60
      83
      69
      77
      73
      70
      59
      86
      77
      66
      64
      63
      58
      58
      66
      79
      73
      59
      70
      68
      65
      65
      74
      62
      72
      67
      63
      66
      65
      65
      58
      59
      57
      55
      62
      60
      58
      47
      66
      72
      77
      67
      70
      46
      57
      56
      60
      67
      70
      49
      53
      60
      63
      52
      53
      46
      54
      61
      54
      49
      50
      47
      52
      50
      39
      58
      46
      42
      36
      41
      33
      39
      32
      26
      30
      41
      35
      35
      23
      28
      23
      33
      22
      27
      24
      22
      27
      24
      28
      24
      30
      24
      27
      13
      19
      27
      18
      15
      10
      14
      16
      15
       7
      15
      13
      14
      15
      13
      11
      14
      10
       9
       8
      10
       8
       8
       7
       4
      10
       4
       6
       5
       7
       6
       6
       5
       3
       4
       6
       4
       4
       5
       2
       4
       3
       5
       6
       4
       3
       2
       3
       4
       0
       3
       1
       2
       1
       1
       1
       2
       2
       2
       1
       4
       3
       1
       0
       0
       1
       1
       0
       0
       1
       1
       1
       2
       2
       1
       1
       0
       1
       1
       2
       0
       0
       0
       0
       0
       0
       0
       0
       0
       0
       0
       0
       0
       0
       0
       0
       0
       1
       0
       0
       0
       0
       0
       0
       1
       0
       0
       0
       0
       0
       0
       0
       0
       0
       0
       0
       0
       0
       0
       0
       0
       0
       0
       0
       0
       0
       0
       0
       0
       0
       0
       0
       0
       0
       0
       0
       0
       0
       0
       0
       0
       0
       0
       0
       0
       0
       0
       0
       0
       0
       0
       0
       0
       0
       0
       0
       0
       0
       0
       0
       0
       0
       0
       0
       0
       0
       0
       0
       0
       0
       0
       0
       0
       0
       0
       0
       0
       0
       0
       0
       0
       0
       0
       0
       0
       0
       0
       0
       0
       0
       0
       0
       0
       0
       0
       0
       0
       0
       0
       0
       0
       0
       0
       0
       0
       0
       0
       0
       0
       0
       0
       0
       0
       0
       0
       0
       0
       0
       0
       0
       0
       0
       0
       0
       0
       0
       0
       0
       0
       0
       0
       0
       0
       0
       0
       0
       0
       0
       0
       0
       0
       0
       0
       0
       0
       0
       0
       0
       0
       0
       0
       0
       0
       0
       0
       0
       0
       0
       0
       0
       0
       0
       0
       0
       0
       0
       0
       0
       0
       0
       0
       0
       0
       0
       0
       0
       0
       0
       0
       0
       0
       0
       0
       0
       0
       0
       0
       0
       0
       0
       0
       0
       0
       0
       0
       0
       0
       0
       0
       0
       0
       0
       0
       0
       0
       0
       0
       0
       0
       0
       0
       0
       0
       0
       0
       0
       0
       0
       0
       0
       0
       0
       0
       0
       0
       0
       0
       0
       0
       0
       0
       0
       0
       0
       0
       0
       0
       0
       0
       0
       0
       0
       0
       0
       0
       0
       0
       0
       0
       0
       0
       0
       0
       0
       0
       0
       0
       0
       0
       0
       0
       0
       0
       0
       0
       0
       0
       0
       0
       0
       0
       0
       0
       0
       0
       0
       0
       0
       0
       0
       0
       0
       0
       0
       0
       0
       0
       0
       0
       0
       0
       0
       0
       0
       0
       0
       0
       0
       0
       0
       0
       0
       0
       0
       0
       0
       0
       0
       0
       0
       0
       0
       0
       0
       0
       0
       0
       0
       0
       0
       0
       0
       0
       0
       0
       0
       0
       0
       0
       0
       0
       0
       0
       0
       0
       0
       0
       0
       0
       0
       0
       0
       0
       0
       0
       0
       0
       0
       0
       0
       0
       0
       0
       0
       0
       0
       0
       0
       0
       0
       0
       0
       0
       0
       0
       0
       0
       0
       0
       0
       0
       0
       0
       0
       0
       0
       0
       0
       0
       0
       0
       0
       0
       0
       0
       0
       0
       0
       0
       0
       0
       0
       0
       0
       0
       0
       0
       0
       0
       0
       0
       0
       0
       0
       0
       0
       0
       0
       0
       0
       0
       0
       0
       0
       0
       0
       0
       0
       0
       0
       0
       0
       0
       0
       0
       0
       0
       0
       0
       0
       0
       0
       0
       0
       0
       0
       0
       0
       0
       0
       0
       0
       0
       0
       0
       0
       0
       0
       0
       0
       0
       0
       0
       0
       0
       0
       0
       0
       0
       0
       0
       0
       0
       0
       0
       0
       0
       0
       0
       0
       0
       0
       0
       0
       0
       0
       0
       0
       0
       0
       0
       0
       0
       0
       0
       0
       0
       0
       0
       0
       0
       0
       0
       0
       0
       0
       0
       0
       0
       0
       0
       0
       0
       0
       0
       0
       0
       0
       0
       0
       0
       0
       0
       0
       0
       0
       0
       0
       0
       0
       0
       0
       0
       0
       0
       0
       0
       0
       0
       0
       0
       0
       0
       0
       0
       0
       0
       1
       0
       0
       0
       0
       0
       0
       0
       0
       0
       0
       0
       0
       0
       0
       0
       0
       0
       0
       0
       0
       0
       0
       0
       0
       0
       0
       0
       0
       0
       0
       0
       0
       0
       0
       0
       0
       0
       0
       0
       0
       0
       0
       0
       0
       0
       0
       0
       0
       0
       0
       0
       0
       0
       0
       0
       0
       0
       0
       0
       0
       0
       0
       0
       0
       0
       0
       0
       0
       0
       0
       0
       0
       0
       0
       0
       0
       0
       0
       0
       0
       0
       0
       0
       0
       0
       0
       0
       1
       0
       0
       0
       0
       0
       0
       0
       0
       0
       0
       0
       0
       0
       0
       0
       0
       0
       0
       0
       0
       0
       0
       0
       0
       0
       0
       0
       0
       0
       0
       0
       0
       0
       0
       0
       0
       0
       0
       0
       0
       0
       0
       0
       0
       0
       0
       0
       0
       0
       0
       0
       0
       0
       0
       0
       0
       0
       0
       0
       0
       0
       0
       0
       0
       0
       0
       0
       0
       0
       0
       0
       0
       0
       0
       0
       0
       0
       0
       0
       0
       0
       0
       0
       0
       0
       0
       0
       1
       0
       0
       0
       0
       0
       0
       0
       0
       0
       0
       0
       0
       0
       0
       0
       0
       0
       0
       0
       0
       1
       0
       0
       0
       0
       0
       0
       0
       0
       0
       0
       0
       0
       0
       0
       0
       0
       0
       0
       0
       0
       0
       0
       1
       0
       0
       0
       0
       0
       0
       0
       0
       0
       0
       0
       0
       0
       0
       0
       0
       0
       0
       0
       0
       0
       0
       0
       0
       0
       0
       0
       0
       0
       0
       0
       0
       0
       0
       0
       0
       0
       0
       0
       0
       0
       0
       0
       0
       0
       0
       0
       0
       0
       0
       0
       0
       0
       0
       0
       0
       0
       0
       0
       0
       0
       0
       0
       0
       0
       0
       0
       0
       0
       0
       0
       0
       0
       0
       0
       0
       0
       0
       0
       0
       0
       0
       0
       0
       0
       0
       0
       0
       0
       0
       0
       0
       0
       0
       0
       0
       0
       0
       0
       0
       0
       0
       0
       0
       0
       0
       0
       0
       0
       0
       0
       0
       0
       0
       0
       0
       0
       0
       0
       0
       0
       0
       0
       0
       0
       0
       0
       0
       0
       0
       0
       0
       0
       0
       0
       0
       0
       0
       0
       0
       0
       0
       0
       0
       0
       0
       0
       0
       0
       0
       0
       0
       0
       0
       0
       0
       0
       0
       0
       0
       0
       0
       0
       0
       0
       0
       0
       0
       0
       0
       0
       0
       0
       0
       0
       0
       0
       0
       0
       0
       0
       0
       0
       0
       0
       0
       0
       0
       0
       0
       0
       0
       0
       0
       0
       0
       0
       0
       0
       0
       0
       0
       0
       0
       0
       0
       0
       0
       0
       0
       0
       0
       0
       0
       0
       0
       0
       0
       0
       0
       0
       0
       0
       0
       0
       0
       0
       0
       0
       0
       0
       0
       0
       0
       0
       0
       0
       0
       0
       0
       0
       0
       0
       0
       0
       0
       0
       0
       0
       0
       0
       0
       0
       0
       0
       0
       0
       0
       0
       0
       0
       0
       0
       0
       0
       0
       0
       0
       0
       0
       0
       0
       0
       0
       0
       0
       0
       0
       0
       0
       0
       0
       0
       0
       0
       0
       0
       0
       0
       0
       0
       0
       0
       0
       0
       0
       0
       0
       0
       0
       0
       0
       0
       0
       0
       0
       0
       0
       0
       0
       0
       0
       0
       0
       0
       0
       0
       0
       0
       0
       0
       0
       0
       0
       0
       0
       0
       0
       0
       0
       0
       0
       0
       0
       0
       0
       0
       0
       0
       0
       0
       0
       0
       0
       0
       0
       0
       0
       0
       0
       0
       0
       0
       0
       0
       0
       0
       0
       0
       0
       0
       0
       0
       0
       0
       0
       0
       0
       0
       0
       0
       0
       0
       0
       0
       0
       0
       0
       0
       0
       0
       0
       0
       0
       0
       0
       0
       0
       0
       0
       0
       0
       0
       0
       0
       0
       0
       0
       0
       0
       0
       0
       0
       0
       0
       0
       0
       0
       0
       0
       0
       0
       0
       0
       0
       0
       0
       0
       0
       0
       0
       0
       0
       0
       0
       0
       0
       0
       0
       0
       0
       0
       0
       0
       0
       0
       0
       0
       0
       0
       0
       0
       0
       0
       0
$ROI:
2
167 167
564 762
$PRESETS:
Live Time
1000
0
$ENER_FIT:
0.000000 7.496722
$MCA_CAL:
3
0.000000E+000 7.496722E+000 0.000000E+000 keV
$SHAPE_CAL:
3
7.824383E+000 0.000000E+000 0.000000E+000
