$SPEC_ID:
No sample description was entered.
$SPEC_REM:
DET# 1
DETDESC# E-C11SRPLAB222 MCB 129
AP# Maestro Version 7.01
$DATE_MEA:
02/12/2026 15:44:27
$MEAS_TIM:
411 431
$DATA:
0 2047
       0
       0
       0
       0
       0
       0
       0
       0
       0
       0
       0
       0
       0
       0
       0
       0
       0
       0
       0
       0
       0
       0
       0
       0
       0
       0
       0
       0
       0
       0
       0
       0
       0
       0
       0
       0
       0
       0
       0
       0
       0
       0
       0
       0
       0
       0
       0
       0
       0
       2
      54
      38
      14
       5
       4
       2
       1
       1
       0
       0
       2
       1
       0
       0
       2
       2
       0
       0
       2
       1
       3
       0
       0
       1
       0
       0
       0
       1
       0
       1
       0
       1
       0
       1
       1
       0
       0
       1
       0
       0
       1
       0
       0
       0
       0
       0
       1
       0
       0
       0
       2
       0
       0
       0
       1
       0
       1
       0
       1
       0
       1
       1
       3
       0
       3
       1
       2
       0
       0
       2
       0
       1
       3
       1
       1
       1
       0
       3
       1
       2
       2
       3
       0
       4
       0
       0
       1
       0
       2
       1
       5
       1
       2
       2
       3
       1
       2
       1
       2
       2
       0
       0
       1
       4
       3
       5
       0
       2
       1
       2
       0
       2
       0
       1
       1
       2
       0
       1
       1
       2
       0
       0
       1
       1
       1
       1
       2
       1
       0
       1
       5
       3
       0
       0
       2
       2
       1
       2
       4
       0
       0
       1
       0
       1
       1
       2
       2
       0
       1
       0
       2
       1
       0
       2
       0
       2
       1
       3
       1
       1
       0
       0
       2
       0
       0
       1
       0
       2
       2
       1
       0
       2
       2
       3
       1
       4
       1
       2
       2
       4
       2
       1
       0
       0
       5
       1
       3
       2
       2
       0
       2
       1
       1
       1
       1
       4
       1
       1
       1
       1
       2
       1
       2
       2
       3
       3
       0
       1
       2
       5
       1
       2
       2
       1
       3
       0
       1
       2
       5
       1
       1
       1
       2
       2
       3
       1
       1
       1
       0
       1
       2
       5
       0
       1
       1
       2
       4
       2
       1
       0
       1
       0
       2
       1
       4
       0
       0
       0
       1
       2
       1
       1
       3
       1
       1
       2
       2
       0
       0
       0
       4
       1
       1
       0
       0
       0
       2
       1
       1
       2
       1
       2
       2
       2
       2
       3
       3
       0
       1
       2
       0
       3
       2
       1
       0
       1
       2
       4
       1
       1
       2
       2
       2
       1
       3
       3
       1
       1
       0
       0
       0
       2
       1
       1
       2
       1
       4
       3
       3
       0
       1
       2
       1
       0
       0
       3
       1
       2
       1
       0
       2
       3
       1
       1
       4
       1
       3
       2
       0
       4
       2
       1
       4
       4
       0
       1
       1
       1
       1
       0
       3
       2
       0
       1
       2
       0
       1
       0
       1
       1
       1
       5
       2
       0
       2
       1
       6
       2
       1
       1
       1
       1
       2
       2
       1
       2
       2
       3
       2
       1
       4
       2
       2
       3
       2
       2
       1
       1
       0
       0
       2
       2
       5
       1
       1
       3
       0
       0
       2
       1
       2
       0
       1
       1
       1
       0
       1
       2
       1
       2
       1
       0
       1
       5
       0
       2
       1
       4
       0
       3
       0
       1
       1
       2
       3
       0
       2
       2
       3
       4
       0
       0
       1
       4
       1
       3
       2
       0
       2
       1
       2
       1
       2
       1
       2
       2
       3
       0
       2
       0
       2
       6
       1
       0
       2
       1
       2
       0
       2
       3
       1
       1
       2
       3
       2
       1
       1
       1
       2
       3
       0
       1
       4
       0
       2
       0
       3
       0
       1
       0
       1
       0
       0
       1
       2
       0
       0
       2
       2
       1
       3
       1
       3
       1
       4
       1
       4
       2
       0
       0
       4
       5
       2
       1
       1
       1
       2
       5
       3
       1
       1
       2
       2
       3
       1
       2
       1
       3
       2
       2
       0
       0
       2
       3
       1
       1
       1
       1
       2
       2
       1
       0
       2
       3
       3
       1
       2
       4
       0
       1
       0
       1
       0
       2
       2
       0
       4
       1
       1
       1
       0
       1
       0
       1
       0
       0
       0
       0
       0
       1
       0
       1
       3
       0
       2
       2
       1
       2
       1
       3
       0
       1
       1
       2
       2
       1
       0
       0
       1
       1
       1
       1
       0
       0
       1
       0
       2
       1
       2
       0
       2
       2
       1
       2
       2
       0
       0
       1
       2
       4
       0
       1
       2
       1
       2
       2
       2
       4
       1
       2
       2
       6
       0
       3
       1
       0
       3
       3
       1
       2
       2
       3
       4
       3
       2
       1
       3
       1
       2
       0
       4
       2
       4
       2
       0
       2
       2
       1
       0
       2
       0
       1
       1
       1
       1
       1
       1
       0
       1
       1
       0
       2
       2
       1
       1
       3
       1
       0
       3
       0
       1
       3
       1
       1
       1
       1
       0
       3
       0
       2
       1
       1
       4
       1
       1
       4
       5
       1
       5
       2
       1
       3
       2
       3
       0
       4
       1
       2
       2
       3
       4
       6
       9
       1
       8
       5
       4
       4
       3
       3
       4
       3
       5
       5
       0
       1
       1
       4
       1
       0
       1
       3
       8
       1
       2
       1
       3
       4
       1
       1
       1
       4
       0
       1
       3
       2
       1
       2
       0
       0
       2
       3
       3
       0
       1
       1
       1
       0
       0
       0
       0
       4
       1
       1
       0
       1
       2
       1
       3
       0
       1
       3
       2
       0
       0
       1
       1
       0
       3
       0
       2
       2
       1
       3
       1
       2
       0
       0
       1
       1
       1
       1
       1
       1
       0
       2
       3
       1
       0
       0
       2
       0
       1
       3
       0
       1
       3
       4
       1
       0
       2
       4
       1
       2
       2
       0
       1
       0
       1
       2
       2
       1
       2
       0
       3
       4
       2
       1
       1
       1
       2
       1
       3
       2
       0
       1
       0
       0
       1
       2
       1
       4
       2
       2
       1
       0
       0
       1
       1
       5
       2
       2
       1
       1
       2
       1
       3
       0
       0
       2
       1
       2
       0
       1
       2
       1
       1
       1
       1
       1
       2
       1
       1
       1
       0
       1
       2
       2
       1
       0
       0
       2
       2
       2
       2
       1
       3
       0
       1
       1
       1
       0
       0
       1
       1
       1
       4
       0
       3
       0
       0
       1
       2
       0
       0
       2
       1
       1
       0
       5
       2
       1
       1
       1
       1
       0
       3
       2
       3
       2
       0
       2
       1
       2
       3
       1
       1
       1
       1
       1
       2
       1
       2
       2
       1
       0
       2
       3
       1
       1
       0
       2
       2
       0
       4
       2
       0
       1
       3
       4
       1
       1
       1
       2
       0
       4
       4
       2
       1
       1
       4
       3
       2
       1
       0
       1
       0
       1
       0
       1
       1
       2
       0
       1
       2
       3
       4
       0
       1
       1
       0
       1
       0
       1
       2
       1
       7
       1
       1
       0
       2
       1
       2
       1
       0
       2
       0
       2
       0
       2
       0
       2
       1
       0
       1
       2
       0
       0
       1
       0
       0
       1
       2
       3
       2
       3
       3
       0
       0
       1
       1
       0
       0
       3
       1
       2
       2
       1
       2
       2
       1
       0
       2
       1
       6
       1
       4
       2
       1
       4
       1
       1
       4
       0
       2
       0
       2
       1
       1
       4
       2
       0
       3
       3
       3
       2
       1
       1
       2
       1
       4
       1
       5
       2
       3
       1
       2
       1
       2
       2
       2
       3
       3
       2
       1
       1
       2
       0
       0
       3
       1
       1
       2
       1
       2
       4
       2
       1
       1
       1
       2
       1
       0
       5
       2
       1
       3
       2
       2
       4
       3
       1
       3
       2
       3
       0
       2
       2
       2
       0
       2
       4
       3
       0
       1
       3
       0
       2
       2
       2
       0
       3
       1
       1
       1
       2
       5
       1
       0
       3
       3
       2
       2
       2
       2
       3
       0
       1
       3
       2
       3
       1
       0
       0
       2
       2
       1
       3
       1
       2
       1
       4
       1
       3
       1
       3
       1
       2
       3
       1
       2
       3
       2
       1
       1
       3
       2
       2
       5
       2
       6
       2
       1
       5
       0
       1
       0
       1
       4
       3
       0
       2
       1
       1
       4
       0
       2
       3
       2
       1
       2
       2
       0
       4
       3
       0
       3
       4
       2
       3
       1
       1
       1
       2
       2
       3
       1
       1
       2
       2
       5
       4
       3
       0
       0
       2
       0
       4
       1
       5
       3
       3
       3
       2
       2
       2
       3
       3
       6
       2
       2
       3
       7
       4
       0
       2
       0
       1
       5
       2
       1
       4
       1
       4
       3
       3
       2
       4
       3
       3
       4
       2
       4
       3
       2
       4
       4
       1
       1
       4
       3
       3
       2
       1
       2
       3
       5
       3
       2
       1
       0
       4
       2
       1
       2
       2
       2
       3
       4
       7
       3
       7
       2
       2
       0
       4
       1
       3
       3
       4
       0
       2
       4
       4
       3
       4
       6
       5
       6
       7
       5
       6
       8
       5
       2
       7
       7
       8
      11
       7
      10
       8
       7
      11
      11
       9
       7
       7
      13
      10
       9
      13
      10
      12
      10
      10
      15
      11
       7
      12
       8
       7
       8
       7
       7
       9
       8
       8
       6
       7
       4
       6
       9
       4
       9
       7
       5
       7
       3
       2
       4
       6
       1
       2
       4
       1
       1
       9
       0
       3
       5
       8
       3
       5
       2
       3
       1
       4
       4
       2
       3
       9
       3
       3
       4
       4
       8
       6
       7
       4
       4
       2
       5
       5
       0
       2
       3
       3
       5
       2
       2
       6
       3
       4
       4
       5
       5
       5
       5
       4
       3
       8
       2
       5
       5
       6
       3
       8
       6
       2
       4
       4
      10
       3
       4
       5
       7
       8
       5
       6
       9
       5
       5
       4
       3
       5
      11
       8
       8
       8
       3
       9
       6
       7
       5
       3
       9
      11
      10
       8
      10
       9
       5
      14
      10
      10
      21
      13
      10
      11
      17
      16
      15
      24
      17
      20
      27
      25
      29
      38
      27
      37
      59
      52
      58
      51
      55
      76
      88
     100
     106
     129
     137
     164
     193
     186
     239
     252
     313
     310
     363
     418
     407
     514
     552
     608
     656
     710
     752
     837
     882
     967
     951
    1048
    1103
    1152
    1147
    1188
    1209
    1171
    1204
    1192
    1177
    1127
    1121
    1000
     947
     964
     869
     776
     700
     662
     547
     478
     485
     418
     358
     318
     296
     233
     185
     185
     159
     155
     140
      90
      96
      98
      74
      80
      67
      54
      62
      56
      49
      40
      28
      47
      41
      24
      20
      15
      17
      14
       9
       4
       7
       1
       5
       4
       2
       3
       2
       2
       2
       2
       1
       0
       2
       1
       1
       1
       1
       2
       0
       0
       0
       0
       0
       1
       0
       1
       0
       1
       0
       0
       1
       0
       1
       0
       0
       0
       0
       0
       0
       0
       0
       0
       1
       0
       0
       0
       0
       0
       0
       0
       0
       0
       0
       0
       0
       0
       0
       0
       0
       0
       0
       0
       0
       0
       0
       0
       0
       0
       0
       0
       0
       1
       0
       0
       0
       0
       0
       0
       0
       0
       0
       0
       0
       0
       0
       0
       0
       0
       0
       0
       0
       0
       0
       0
       0
       0
       0
       0
       0
       0
       0
       0
       0
       0
       0
       0
       0
       0
       0
       0
       0
       0
       0
       0
       0
       0
       0
       0
       0
       0
       0
       0
       0
       0
       0
       0
       0
       0
       0
       0
       0
       0
       0
       0
       0
       0
       0
       0
       0
       0
       0
       0
       0
       0
       0
       0
       0
       0
       0
       0
       0
       0
       0
       0
       0
       0
       0
       0
       0
       0
       0
       0
       0
       0
       0
       0
       0
       0
       0
       0
       0
       0
       0
       0
       0
       0
       0
       0
       0
       0
       0
       0
       0
       0
       0
       0
       0
       0
       0
       0
       0
       0
       0
       0
       0
       0
       0
       0
       0
       0
       0
       0
       0
       0
       0
       0
       0
       0
       0
       0
       0
       0
       0
       0
       0
       0
       0
       0
       0
       0
       0
       0
       0
       0
       0
       0
       0
       0
       0
       0
       0
       0
       0
       0
       0
       0
       0
       0
       0
       0
       0
       0
       0
       0
       0
       0
       0
       0
       0
       0
       0
       0
       0
       0
       0
       0
       0
       0
       0
       0
       0
       0
       0
       0
       0
       0
       0
       0
       0
       0
       0
       0
       0
       0
       0
       0
       0
       0
       0
       0
       0
       0
       0
       0
       0
       0
       0
       0
       0
       0
       0
       0
       0
       0
       0
       0
       1
       0
       0
       0
       0
       0
       0
       0
       0
       0
       0
       0
       0
       0
       0
       0
       0
       0
       0
       0
       0
       0
       0
       0
       0
       0
       0
       0
       0
       0
       0
       0
       0
       0
       0
       0
       0
       0
       0
       0
       0
       0
       0
       0
       0
       0
       0
       0
       0
       0
       0
       0
       0
       0
       0
       0
       0
       0
       0
       0
       0
       0
       0
       0
       0
       0
       0
       0
       0
       0
       0
       0
       0
       0
       0
       0
       0
       0
       0
       0
       0
       0
       0
       0
       0
       0
       0
       0
       0
       0
       0
       0
       0
       0
       0
       0
       0
       0
       0
       0
       0
       0
       0
       0
       0
       0
       0
       0
       0
       0
       0
       0
       0
       0
       0
       0
       0
       0
       0
       0
       0
       0
       0
       0
       0
       0
       0
       0
       0
       0
       0
       0
       0
       0
       0
       0
       0
       0
       0
       0
       0
       0
       0
       0
       0
       0
       0
       0
       0
       0
       0
       0
       0
       0
       0
       0
       0
       0
       0
       0
       0
       0
       0
       0
       0
       0
       0
       0
       0
       0
       0
       0
       0
       0
       0
       0
       0
       0
       0
       0
       0
       0
       0
       0
       0
       0
$ROI:
1
1497 1539
$PRESETS:
Live Time
1000
0
$ENER_FIT:
0.000000 7.496722
$MCA_CAL:
3
0.000000E+000 7.496722E+000 0.000000E+000 keV
$SHAPE_CAL:
3
7.824383E+000 0.000000E+000 0.000000E+000
