$SPEC_ID:
No sample description was entered.
$SPEC_REM:
DET# 1
DETDESC# E-C11SRPLAB222 MCB 129
AP# Maestro Version 7.01
$DATE_MEA:
02/12/2026 14:54:59
$MEAS_TIM:
136 136
$DATA:
0 2047
       0
       0
       0
       0
       0
       0
       0
       0
       0
       0
       0
       0
       0
       0
       0
       0
       0
       0
       0
       0
       0
       0
       0
       0
       0
       0
       0
       0
       0
       0
       0
       0
       0
       0
       0
       0
       0
       0
       0
       0
       0
       0
       0
       0
       0
       0
       0
       0
       0
       0
       1
       2
       1
       0
       1
       1
       1
       0
       0
       3
       0
       1
       2
       2
       2
       3
       3
       0
       6
       2
       1
       4
       2
       2
       2
       1
       1
       3
       2
       2
       1
       2
       6
       5
       0
       2
       3
       2
       3
       0
       2
       1
       1
       0
       2
       0
       0
       1
       2
       2
       0
       1
       0
       3
       2
       0
       1
       3
       1
       3
       0
       1
       1
       1
       1
       2
       1
       0
       1
       2
       1
       1
       2
       0
       2
       2
       5
       5
       0
       0
       1
       0
       1
       2
       3
       2
       3
       2
       0
       1
       1
       1
       0
       1
       2
       0
       2
       1
       3
       0
       2
       0
       0
       1
       2
       0
       2
       1
       0
       0
       2
       2
       1
       1
       0
       1
       1
       1
       2
       0
       2
       1
       0
       2
       3
       2
       0
       2
       0
       0
       0
       1
       1
       0
       2
       3
       0
       1
       2
       2
       2
       1
       1
       3
       1
       2
       1
       2
       1
       1
       2
       1
       1
       3
       2
       0
       3
       2
       2
       1
       3
       0
       1
       2
       4
       1
       2
       1
       0
       0
       2
       2
       1
       2
       1
       4
       2
       4
       3
       1
       1
       1
       3
       1
       0
       5
       0
       2
       3
       2
       1
       2
       1
       0
       5
       1
       3
       2
       3
       1
       0
       1
       2
       1
       0
       0
       3
       2
       7
       3
       2
       1
       3
       0
       2
       1
       1
       0
       3
       1
       0
       4
       0
       1
       5
       3
       1
       2
       3
       3
       4
       2
       4
       4
       3
       5
       3
       9
       5
       3
       1
       3
       2
       2
       9
       3
       6
       5
       4
       6
       2
       4
       7
       8
       5
      11
       8
       7
       6
       7
       5
       8
       7
      13
       7
      13
      11
      10
       3
       5
      12
      14
       8
      11
      10
       8
      12
       6
       9
      13
      12
      14
      10
      13
       9
       6
      16
      14
       9
      12
      10
      12
      15
      12
      15
      21
      17
      16
      17
      18
      22
      17
      16
      16
      15
      22
      16
      20
      19
      20
      23
      17
      20
      20
      14
      31
      30
      19
      19
      29
      24
      25
      31
      21
      32
      27
      20
      24
      24
      25
      30
      25
      30
      28
      34
      24
      28
      36
      35
      31
      37
      33
      31
      42
      50
      34
      40
      39
      33
      41
      34
      40
      32
      36
      41
      39
      44
      35
      43
      43
      46
      41
      51
      45
      56
      37
      48
      45
      36
      34
      55
      42
      47
      55
      46
      51
      49
      56
      49
      45
      59
      36
      57
      56
      45
      46
      62
      45
      58
      44
      60
      52
      66
      58
      60
      53
      49
      62
      51
      54
      52
      61
      53
      50
      65
      63
      62
      45
      53
      78
      56
      44
      73
      65
      68
      48
      64
      59
      64
      55
      58
      54
      54
      47
      68
      57
      60
      51
      53
      62
      49
      62
      62
      64
      58
      57
      66
      61
      61
      45
      50
      48
      46
      56
      63
      53
      49
      60
      45
      43
      42
      44
      46
      47
      51
      48
      44
      51
      51
      36
      54
      44
      44
      45
      52
      36
      41
      44
      52
      43
      35
      34
      36
      35
      47
      40
      26
      45
      37
      39
      33
      26
      34
      25
      37
      29
      25
      36
      25
      27
      36
      17
      34
      25
      26
      24
      21
      24
      20
      28
      18
      17
      23
      18
      15
      25
       9
      20
      16
      16
      20
      15
      12
      11
      15
      11
      16
       8
      16
      12
      15
       9
      11
      11
      13
      11
       4
      12
       7
       4
       7
      13
      11
       6
       1
       9
       8
       6
       6
       5
       8
       4
       7
       6
       8
       4
       4
       6
       7
       5
       3
       6
       5
       3
       3
       3
       4
       5
       1
       6
       3
       3
       2
       5
       4
       6
       1
       2
       1
       3
       2
       1
       4
       2
       1
       4
       2
       2
       3
       0
       0
       1
       0
       0
       0
       1
       0
       0
       1
       0
       1
       3
       1
       3
       0
       1
       2
       1
       2
       0
       0
       0
       0
       0
       1
       0
       1
       0
       0
       0
       0
       0
       0
       1
       0
       0
       3
       0
       0
       0
       0
       0
       0
       2
       0
       1
       0
       0
       0
       1
       0
       0
       0
       1
       0
       0
       0
       0
       0
       0
       0
       0
       0
       0
       0
       2
       0
       0
       0
       0
       0
       1
       0
       0
       0
       0
       0
       0
       1
       0
       0
       0
       0
       0
       0
       0
       0
       0
       0
       0
       0
       0
       0
       0
       0
       0
       0
       0
       0
       0
       0
       0
       0
       0
       0
       0
       0
       0
       0
       0
       0
       0
       0
       0
       0
       0
       0
       0
       0
       0
       0
       0
       0
       0
       0
       0
       0
       0
       0
       0
       0
       0
       0
       0
       0
       0
       0
       0
       0
       0
       1
       0
       0
       0
       0
       0
       0
       0
       0
       1
       0
       0
       0
       0
       0
       0
       0
       0
       0
       0
       0
       0
       0
       0
       0
       0
       0
       0
       0
       0
       0
       0
       0
       0
       0
       0
       0
       0
       0
       0
       0
       0
       0
       0
       0
       0
       0
       0
       0
       0
       0
       0
       0
       0
       0
       0
       0
       0
       0
       0
       0
       0
       0
       0
       0
       0
       0
       0
       0
       0
       0
       0
       0
       0
       0
       0
       0
       0
       0
       0
       0
       0
       0
       0
       0
       0
       0
       0
       0
       0
       0
       0
       0
       0
       0
       0
       0
       0
       0
       0
       0
       0
       0
       1
       0
       0
       0
       0
       0
       0
       0
       0
       0
       0
       0
       0
       0
       0
       0
       0
       0
       0
       0
       0
       0
       0
       0
       0
       0
       0
       0
       0
       0
       0
       0
       0
       0
       0
       0
       0
       0
       0
       0
       0
       0
       0
       0
       0
       0
       0
       0
       0
       0
       0
       0
       0
       0
       0
       0
       0
       0
       0
       0
       0
       0
       0
       0
       0
       0
       0
       0
       0
       0
       0
       0
       0
       0
       0
       0
       0
       0
       0
       0
       0
       0
       0
       0
       0
       0
       0
       0
       0
       1
       0
       0
       1
       0
       0
       0
       0
       0
       0
       0
       0
       0
       0
       0
       0
       0
       0
       0
       0
       0
       0
       0
       0
       0
       0
       0
       0
       0
       0
       0
       0
       0
       0
       0
       0
       0
       0
       0
       0
       0
       0
       0
       0
       0
       0
       0
       0
       0
       0
       0
       0
       0
       0
       0
       0
       0
       0
       0
       0
       0
       0
       0
       0
       0
       0
       0
       0
       0
       0
       0
       0
       0
       0
       0
       0
       0
       0
       0
       0
       0
       0
       0
       0
       0
       0
       0
       0
       0
       0
       0
       0
       0
       0
       0
       0
       0
       0
       0
       0
       0
       0
       0
       0
       0
       0
       0
       0
       0
       0
       0
       0
       0
       0
       0
       0
       0
       0
       0
       0
       0
       0
       0
       0
       0
       0
       0
       0
       0
       0
       0
       0
       0
       0
       0
       0
       0
       0
       0
       0
       0
       0
       0
       0
       0
       0
       0
       0
       0
       0
       0
       0
       0
       0
       0
       0
       0
       0
       0
       0
       0
       0
       0
       0
       0
       0
       0
       0
       0
       0
       0
       0
       0
       0
       0
       0
       0
       0
       0
       0
       0
       0
       0
       0
       0
       0
       0
       0
       0
       0
       0
       0
       0
       0
       0
       0
       0
       0
       0
       0
       0
       0
       0
       0
       0
       0
       0
       0
       0
       0
       0
       0
       0
       0
       0
       0
       0
       0
       0
       0
       0
       0
       0
       0
       0
       0
       0
       0
       0
       0
       1
       0
       0
       0
       0
       0
       0
       0
       0
       0
       0
       0
       0
       0
       0
       0
       0
       0
       1
       0
       0
       0
       0
       0
       0
       0
       0
       0
       0
       0
       0
       0
       0
       0
       0
       0
       0
       0
       0
       0
       0
       0
       0
       0
       0
       0
       0
       0
       0
       0
       0
       0
       0
       0
       0
       0
       0
       0
       0
       0
       0
       0
       0
       0
       0
       0
       0
       0
       0
       0
       0
       0
       0
       0
       0
       0
       0
       0
       0
       0
       0
       0
       0
       0
       0
       0
       0
       0
       0
       0
       0
       0
       0
       0
       0
       0
       0
       0
       0
       0
       0
       0
       0
       0
       0
       0
       0
       0
       0
       0
       0
       0
       0
       0
       0
       0
       0
       0
       0
       0
       0
       0
       0
       0
       0
       0
       0
       0
       0
       0
       0
       0
       0
       0
       0
       0
       0
       0
       0
       0
       0
       0
       0
       0
       0
       0
       0
       0
       0
       0
       0
       0
       0
       0
       0
       0
       0
       0
       0
       0
       0
       0
       0
       1
       0
       0
       0
       0
       1
       0
       0
       0
       0
       1
       0
       0
       0
       0
       0
       0
       0
       0
       0
       0
       0
       0
       0
       0
       0
       0
       0
       0
       0
       0
       0
       0
       0
       0
       0
       0
       0
       0
       0
       0
       0
       0
       0
       0
       0
       0
       0
       0
       0
       0
       0
       0
       0
       0
       0
       0
       0
       0
       0
       0
       0
       0
       0
       0
       0
       0
       0
       0
       0
       0
       0
       0
       0
       0
       0
       0
       0
       0
       0
       0
       0
       0
       1
       0
       0
       0
       0
       0
       0
       0
       0
       0
       0
       0
       0
       0
       0
       0
       1
       0
       1
       0
       0
       0
       0
       0
       0
       0
       0
       0
       0
       0
       0
       0
       1
       0
       1
       0
       0
       0
       0
       0
       0
       0
       0
       0
       0
       0
       0
       0
       0
       0
       0
       0
       0
       0
       0
       0
       0
       0
       0
       1
       0
       0
       0
       0
       0
       0
       0
       0
       0
       0
       0
       0
       0
       0
       0
       0
       0
       0
       0
       0
       0
       0
       0
       0
       0
       0
       1
       0
       0
       0
       0
       0
       0
       0
       0
       0
       0
       0
       0
       0
       0
       0
       0
       0
       0
       0
       1
       0
       0
       0
       0
       0
       0
       0
       0
       0
       0
       0
       0
       0
       0
       0
       0
       0
       0
       0
       0
       0
       0
       0
       0
       0
       0
       1
       0
       0
       0
       0
       0
       0
       0
       0
       1
       0
       0
       0
       0
       0
       0
       0
       0
       0
       1
       0
       0
       0
       0
       1
       0
       0
       0
       0
       0
       0
       0
       0
       0
       0
       0
       0
       0
       0
       0
       0
       0
       0
       0
       0
       0
       0
       0
       0
       0
       0
       0
       0
       0
       0
       0
       0
       0
       0
       0
       0
       0
       0
       0
       0
       0
       0
       0
       0
       0
       0
       0
       0
       0
       0
       0
       0
       0
       0
       0
       0
       0
       0
       0
       0
       0
       0
       0
       0
       0
       0
       0
       0
       0
       0
       0
       0
       0
       0
       0
       0
       0
       0
       0
       0
       0
       0
       0
       0
       0
       0
       0
       0
       0
       0
       0
       0
       0
       0
       0
       0
       0
       0
       0
       0
       0
       0
       0
       0
       0
       0
       0
       0
       0
       0
       0
       0
       0
       0
       0
       0
       0
       0
       0
       0
       0
       0
       0
       0
       0
       0
       0
       0
       0
       0
       0
       0
       0
       0
       0
       0
       0
       0
       0
       0
       0
       0
       0
       0
       0
       0
       0
       0
       0
       0
       0
       0
       0
       0
       0
       0
       0
       0
       0
       0
       0
       0
       0
       0
       0
       0
       0
       0
       0
       0
       0
       0
       0
       0
       0
       0
       0
       0
       0
       0
       0
       0
       0
       0
       0
       0
       0
       0
       0
       0
       0
       0
       0
       0
       0
       0
       0
       0
       0
       0
       0
       0
       0
       0
       0
       0
       0
       0
       0
       0
       0
       0
       0
       0
       0
       0
       0
       0
       0
       0
       0
       0
       0
       0
       0
       0
       0
       0
       0
       0
       0
       0
       0
       0
       0
       0
       0
       0
       0
       0
       0
       0
       0
       0
       0
       0
       0
       0
       0
       0
       0
       0
       0
       0
       0
       0
       0
       0
       0
       0
       0
       0
       0
       0
       0
       0
       0
       0
       0
       0
       0
       0
       0
       0
       0
       0
       0
       0
       0
       0
       0
       0
       0
       0
       0
       0
       0
       0
       0
       0
       0
       0
       0
       0
       0
       0
       0
       0
       0
       0
       0
       0
       0
       0
       0
       0
       0
       0
       0
       0
       0
       0
       0
       0
       0
       0
       0
       0
       0
       0
       0
       0
       0
       0
       0
       0
       0
       0
       0
       0
       0
       0
       0
       0
       0
       0
       0
       0
       0
       0
       0
       0
       0
       0
       0
       0
       0
       0
       0
       0
       0
       0
       0
       0
       0
       0
       0
       0
       0
       0
       0
       0
       0
       0
       0
       0
       0
       0
       0
       0
       0
       0
       0
       0
       0
       0
       0
       0
       0
       0
       0
       0
       0
       0
       0
       0
       0
       0
       0
       0
       0
       0
       0
       0
       0
       0
       0
       0
       0
       0
       0
       0
       0
       0
       0
       0
       0
       0
       0
       0
       0
       0
       0
       0
       0
       0
       0
       0
       0
       0
       0
       0
       0
       0
       0
       0
       0
       0
       0
       0
       0
       0
       0
       0
       0
       0
       0
       0
       0
       0
       0
       0
       0
       0
       0
       0
       0
       0
       0
       0
       0
       0
$ROI:
2
167 167
331 565
$PRESETS:
Live Time
1000
0
$ENER_FIT:
0.000000 7.496722
$MCA_CAL:
3
0.000000E+000 7.496722E+000 0.000000E+000 keV
$SHAPE_CAL:
3
7.824383E+000 0.000000E+000 0.000000E+000
