$SPEC_ID:
No sample description was entered.
$SPEC_REM:
DET# 1
DETDESC# E-C11SRPLAB222 MCB 129
AP# Maestro Version 7.01
$DATE_MEA:
02/12/2026 12:45:11
$MEAS_TIM:
158 163
$DATA:
0 2047
       0
       0
       0
       0
       0
       0
       0
       0
       0
       0
       0
       0
       0
       0
       0
       0
       0
       0
       0
       0
       0
       0
       0
       0
       0
       0
       0
       0
       0
       0
       0
       0
       0
       0
       0
       0
       0
       0
       0
       0
       0
       0
       0
       0
       0
       0
       0
       0
       0
       4
      20
      16
      10
       5
       2
       1
       1
       2
       1
       2
       0
       0
       0
       0
       0
       0
       0
       0
       3
       1
       1
       1
       0
       0
       0
       1
       0
       1
       1
       0
       1
       0
       0
       0
       0
       1
       0
       0
       0
       0
       0
       0
       0
       0
       3
       0
       1
       1
       0
       0
       1
       0
       0
       0
       1
       0
       0
       0
       0
       1
       1
       0
       1
       0
       0
       0
       0
       0
       0
       0
       0
       0
       0
       0
       1
       0
       1
       1
       0
       0
       0
       0
       0
       1
       0
       0
       0
       1
       2
       0
       1
       2
       0
       1
       2
       1
       0
       0
       0
       3
       0
       2
       1
       1
       0
       0
       0
       0
       0
       0
       0
       1
       0
       0
       0
       0
       1
       2
       0
       0
       1
       1
       2
       1
       0
       1
       1
       1
       0
       0
       1
       2
       0
       1
       0
       1
       0
       1
       0
       2
       1
       0
       0
       1
       0
       1
       0
       1
       1
       0
       0
       1
       0
       0
       1
       1
       0
       0
       1
       0
       0
       0
       1
       0
       0
       1
       0
       0
       0
       0
       2
       0
       1
       0
       0
       0
       0
       0
       1
       0
       1
       0
       0
       0
       0
       0
       0
       1
       0
       2
       1
       1
       0
       1
       0
       0
       0
       0
       0
       0
       1
       0
       1
       1
       0
       0
       1
       0
       0
       1
       0
       0
       1
       0
       0
       0
       0
       1
       1
       0
       0
       1
       0
       0
       0
       0
       0
       0
       2
       1
       0
       0
       1
       1
       2
       1
       0
       0
       0
       0
       1
       0
       0
       1
       2
       1
       1
       0
       0
       2
       0
       1
       3
       0
       0
       1
       0
       0
       0
       0
       0
       0
       0
       0
       1
       0
       0
       1
       0
       1
       0
       0
       0
       0
       0
       1
       1
       1
       2
       0
       2
       0
       3
       1
       1
       1
       0
       2
       2
       0
       0
       0
       0
       0
       1
       1
       0
       1
       0
       0
       1
       2
       1
       1
       2
       0
       0
       1
       0
       1
       4
       1
       0
       0
       0
       0
       0
       0
       0
       0
       1
       2
       0
       0
       0
       2
       0
       0
       1
       0
       0
       0
       1
       0
       0
       1
       1
       2
       0
       1
       0
       1
       0
       1
       0
       1
       1
       1
       0
       0
       0
       1
       0
       0
       0
       0
       1
       0
       0
       0
       0
       0
       1
       0
       1
       0
       0
       1
       2
       0
       1
       0
       1
       1
       1
       0
       1
       1
       1
       1
       0
       0
       1
       0
       0
       0
       0
       0
       0
       1
       0
       0
       0
       0
       0
       1
       0
       1
       0
       0
       1
       2
       0
       0
       0
       1
       1
       1
       1
       1
       1
       1
       0
       0
       0
       0
       1
       0
       0
       1
       1
       2
       1
       1
       1
       0
       0
       0
       2
       1
       0
       1
       0
       0
       0
       1
       0
       0
       0
       0
       0
       1
       1
       1
       1
       1
       0
       1
       0
       1
       0
       0
       0
       0
       0
       1
       0
       0
       1
       1
       0
       0
       1
       1
       0
       2
       0
       0
       2
       1
       0
       1
       1
       0
       1
       0
       0
       0
       0
       0
       0
       0
       1
       0
       1
       0
       1
       2
       1
       1
       0
       0
       1
       0
       0
       0
       0
       0
       0
       0
       0
       3
       0
       0
       1
       0
       0
       0
       1
       2
       0
       0
       2
       0
       1
       0
       0
       0
       0
       0
       0
       0
       1
       1
       1
       0
       0
       0
       1
       0
       1
       2
       0
       0
       0
       0
       0
       1
       1
       0
       0
       0
       2
       1
       0
       1
       0
       0
       1
       0
       1
       0
       0
       1
       0
       1
       2
       1
       0
       0
       1
       0
       0
       1
       0
       1
       1
       0
       0
       0
       1
       0
       1
       0
       1
       0
       0
       0
       0
       2
       1
       0
       2
       1
       0
       0
       0
       2
       1
       2
       0
       1
       1
       0
       0
       0
       0
       0
       0
       2
       1
       0
       1
       1
       2
       0
       0
       0
       1
       1
       0
       0
       2
       1
       2
       1
       0
       0
       0
       2
       1
       0
       1
       1
       2
       3
       1
       1
       0
       0
       0
       2
       2
       1
       3
       0
       1
       0
       2
       1
       1
       3
       0
       0
       2
       1
       1
       0
       1
       0
       0
       0
       0
       0
       2
       3
       2
       1
       0
       0
       0
       0
       1
       0
       1
       1
       0
       2
       1
       1
       2
       1
       0
       0
       1
       1
       0
       1
       1
       0
       3
       1
       1
       1
       0
       1
       3
       1
       0
       0
       1
       0
       0
       0
       0
       1
       3
       1
       0
       0
       1
       0
       0
       2
       0
       1
       0
       0
       1
       1
       1
       0
       0
       0
       0
       1
       0
       0
       1
       0
       1
       1
       1
       1
       0
       0
       2
       0
       1
       1
       1
       0
       0
       0
       0
       0
       0
       0
       1
       0
       0
       1
       0
       1
       0
       0
       0
       0
       0
       0
       0
       2
       1
       0
       0
       0
       0
       0
       0
       0
       0
       0
       0
       1
       1
       1
       0
       1
       2
       0
       0
       0
       2
       0
       0
       0
       0
       0
       0
       1
       1
       0
       0
       0
       1
       0
       0
       0
       1
       0
       1
       0
       0
       1
       0
       0
       1
       0
       0
       1
       0
       0
       1
       0
       0
       1
       0
       0
       0
       1
       0
       0
       0
       1
       0
       0
       0
       0
       2
       0
       0
       2
       0
       0
       1
       0
       2
       1
       2
       0
       0
       0
       0
       0
       0
       0
       0
       0
       1
       2
       1
       0
       0
       0
       0
       0
       2
       1
       0
       1
       0
       0
       1
       0
       0
       1
       0
       0
       0
       0
       1
       0
       0
       0
       1
       0
       0
       0
       0
       2
       0
       1
       0
       0
       2
       0
       1
       0
       0
       0
       0
       1
       1
       1
       0
       0
       0
       1
       1
       3
       1
       0
       1
       0
       3
       0
       1
       2
       0
       1
       0
       0
       0
       2
       0
       1
       0
       1
       0
       0
       0
       1
       0
       1
       0
       0
       1
       2
       2
       1
       1
       0
       1
       1
       0
       0
       1
       0
       1
       1
       0
       0
       1
       1
       1
       0
       4
       2
       1
       0
       0
       0
       0
       1
       0
       1
       1
       0
       0
       0
       1
       1
       0
       1
       0
       0
       0
       0
       0
       0
       2
       0
       2
       2
       0
       0
       0
       0
       0
       2
       0
       0
       0
       1
       2
       0
       0
       0
       0
       0
       0
       0
       1
       0
       0
       0
       1
       0
       0
       0
       0
       1
       1
       0
       0
       1
       1
       0
       0
       1
       0
       0
       0
       1
       1
       1
       0
       1
       0
       0
       0
       0
       0
       0
       0
       1
       1
       0
       0
       1
       0
       1
       0
       0
       1
       2
       0
       0
       1
       1
       1
       0
       0
       0
       0
       0
       0
       1
       0
       1
       1
       0
       0
       1
       2
       0
       0
       0
       1
       0
       0
       0
       0
       1
       0
       0
       0
       0
       2
       3
       1
       0
       1
       0
       0
       0
       2
       0
       0
       0
       0
       0
       0
       1
       3
       0
       0
       1
       1
       0
       0
       1
       2
       0
       1
       0
       0
       0
       3
       0
       0
       0
       1
       1
       1
       2
       0
       3
       0
       1
       1
       1
       1
       0
       1
       1
       1
       3
       1
       1
       1
       2
       1
       3
       4
       0
       0
       1
       1
       3
       1
       2
       2
       0
       0
       1
       0
       0
       0
       2
       2
       1
       2
       1
       2
       1
       1
       2
       1
       2
       2
       0
       0
       1
       0
       4
       1
       1
       2
       5
       3
       2
       2
       3
       2
       1
       4
       3
       3
       6
       6
       2
       3
       5
       3
       2
       2
       1
       6
       3
       2
       1
       1
       2
       1
       0
       4
       4
       1
       0
       1
       0
       1
       2
       2
       0
       4
       2
       3
       3
       1
       0
       2
       2
       2
       1
       3
       1
       0
       3
       1
       1
       2
       3
       2
       1
       2
       1
       0
       0
       3
       4
       0
       1
       1
       1
       0
       1
       1
       0
       1
       1
       0
       2
       2
       1
       1
       0
       0
       0
       1
       0
       0
       0
       1
       1
       1
       1
       1
       1
       1
       2
       2
       1
       3
       1
       1
       1
       1
       1
       0
       1
       1
       0
       1
       6
       2
       1
       3
       2
       1
       1
       1
       1
       0
       0
       2
       2
       3
       1
       2
       2
       2
       0
       6
       1
       4
       3
       6
       4
       3
       6
       3
       2
       4
       5
       3
       3
       6
       5
       8
       9
       3
       2
       2
       6
       6
      11
       7
      10
      13
      16
      17
      13
      19
      17
      21
      23
      23
      19
      20
      22
      25
      27
      37
      38
      44
      43
      52
      41
      40
      48
      53
      56
      70
      72
      70
      89
      72
      84
     104
      86
     128
     117
     109
     101
     139
     121
     138
     129
     137
     164
     157
     133
     133
     140
     168
     171
     177
     157
     193
     211
     177
     203
     174
     209
     184
     198
     177
     208
     204
     181
     179
     172
     202
     195
     198
     165
     179
     171
     147
     149
     151
     148
     136
     142
     116
     122
     109
     107
     130
      91
     112
      93
      73
      83
      58
      55
      65
      68
      55
      44
      54
      39
      49
      41
      51
      31
      34
      37
      26
      33
      19
      26
       8
      20
      17
      23
      20
      20
       6
      12
       8
       7
      11
       8
       7
       8
       4
       6
       4
       6
       5
       0
       8
       0
       1
       1
       1
       0
       1
       2
       1
       0
       1
       0
       0
       0
       0
       3
       1
       2
       1
       0
       0
       0
       1
       0
       0
       0
       0
       0
       0
       0
       0
       0
       0
       1
       0
       0
       0
       1
       0
       1
       0
       0
       0
       0
       0
       0
       0
       0
       0
       0
       0
       0
       0
       1
       0
       0
       0
       0
       0
       0
       0
       0
       0
       0
       0
       0
       0
       0
       0
       0
       0
       0
       0
       0
       0
       0
       0
       0
       0
       0
       0
       0
       2
       0
       0
       1
       0
       1
       0
       0
       0
       0
       0
       0
       1
       0
       1
       0
       0
       0
       0
       0
       0
       0
       0
       0
       0
       1
       0
       0
       0
       0
       0
       0
       0
       1
       0
       1
       0
       0
       0
       0
       0
       0
       1
       1
       0
       0
       0
       0
       1
       1
       0
       1
       0
       0
       0
       0
       0
       0
       1
       0
       0
       0
       0
       0
       0
       0
       0
       0
       0
       0
       0
       0
       0
       0
       0
       0
       0
       0
       0
       0
       0
       0
       0
       0
       0
       0
       0
       0
       0
       0
       0
       0
       0
       0
       0
       0
       0
       0
       0
       0
       0
       0
       0
       0
       0
       0
       0
       0
       0
       0
       0
       0
       0
       0
       0
       0
       0
       0
       0
       0
       0
       0
       0
       0
       0
       0
       0
       0
       0
       0
       0
       0
       0
       0
       0
       0
       0
       0
       0
       0
       0
       0
       0
       0
       0
       0
       0
       0
       0
       0
       0
       0
       0
       0
       0
       0
       0
       0
       0
       0
       0
       0
       0
       0
       0
       0
       0
       0
       0
       0
       0
       0
       0
       0
       0
       0
       0
       0
       0
       0
       0
       0
       0
       0
       0
       0
       0
       0
       0
       0
       0
       0
       0
       0
       0
       0
       0
       0
       0
       0
       0
       0
       0
       0
       0
       0
       0
       0
       0
       0
       0
       0
       0
       0
       0
       0
       0
       0
       0
       0
       0
       0
       0
       0
       0
       0
       0
       0
       0
       0
       0
       0
       0
       0
       0
       0
       0
       0
       0
       0
       0
       0
       0
       0
       0
       0
       0
       0
       0
       0
       0
       0
       0
       0
       0
       0
       0
       0
       0
       0
       0
       0
       0
       0
       0
       0
       0
       0
       0
       0
       0
       0
       0
       0
       0
       0
       0
       0
       0
       0
       0
       0
       0
       0
       0
       0
       0
       0
       0
       0
       0
       0
       0
       0
       0
       0
       0
       0
       0
       0
       0
       0
       0
       0
       0
       0
       0
       0
       0
       0
       0
       0
       0
       0
       0
       0
       0
       0
       0
       0
       0
       0
       0
       0
       0
       0
       0
       0
       0
       0
       0
       0
       0
       0
       0
       0
       0
       0
       0
       0
       0
       0
       0
       0
       0
       0
       0
       0
       0
       0
       0
       0
       0
       0
       0
       0
       0
       0
       0
       0
       0
       0
       0
       0
       0
       0
       0
       0
       0
       0
       0
       0
       0
       0
       0
       0
       0
       0
       0
       0
       0
       0
       0
       0
       0
       0
       0
       0
       0
       0
       0
       0
       0
       0
       0
       0
       0
       0
       0
       0
       0
       0
       0
       0
       0
       0
       0
       0
       0
       0
       0
       0
       0
       0
       0
       0
       0
       0
       0
       0
       0
       0
       0
       0
       0
       0
       0
       0
       0
       0
       0
       0
       0
       0
       0
       0
       0
       0
       0
       0
       0
       0
       0
       0
       0
       0
       0
       0
       0
       0
       0
       0
       0
       0
       0
       0
       0
       0
       0
       0
       0
       0
       0
       0
       0
       0
       0
       0
       0
       0
       0
       0
       0
       0
       0
       0
       0
       0
       0
       0
       0
       0
       0
       0
       0
       0
       0
       0
       0
       0
       0
       0
$ROI:
2
167 167
1366 1444
$PRESETS:
Live Time
1000
0
$ENER_FIT:
0.000000 7.496722
$MCA_CAL:
3
0.000000E+000 7.496722E+000 0.000000E+000 keV
$SHAPE_CAL:
3
7.824383E+000 0.000000E+000 0.000000E+000
