$SPEC_ID:
No sample description was entered.
$SPEC_REM:
DET# 1
DETDESC# E-C11SRPLAB222 MCB 129
AP# Maestro Version 7.01
$DATE_MEA:
02/12/2026 15:52:15
$MEAS_TIM:
431 446
$DATA:
0 2047
       0
       0
       0
       0
       0
       0
       0
       0
       0
       0
       0
       0
       0
       0
       0
       0
       0
       0
       0
       0
       0
       0
       0
       0
       0
       0
       0
       0
       0
       0
       0
       0
       0
       0
       0
       0
       0
       0
       0
       0
       0
       0
       0
       0
       0
       0
       0
       0
       0
       1
      33
      22
       5
       4
       8
       1
       2
       2
       0
       1
       1
       1
       0
       2
       0
       0
       4
       0
       0
       1
       1
       0
       0
       1
       0
       1
       1
       1
       1
       0
       1
       2
       0
       3
       1
       2
       1
       0
       2
       0
       0
       0
       1
       1
       1
       1
       0
       3
       2
       1
       0
       3
       2
       0
       1
       2
       2
       0
       1
       1
       1
       2
       0
       2
       3
       2
       1
       3
       2
       2
       2
       2
       4
       3
       4
       1
       0
       2
       0
       4
       6
       4
       4
       3
       4
       0
       1
       3
       0
       2
       1
       2
       5
       1
       3
       1
       1
       1
       3
       2
       4
       1
       0
       1
       1
       0
       0
       1
       2
       1
       2
       2
       0
       1
       0
       1
       4
       2
       2
       3
       1
       2
       3
       3
       3
       5
       1
       0
       1
       0
       0
       0
       1
       1
       2
       2
       2
       2
       2
       0
       1
       0
       0
       1
       1
       0
       2
       1
       1
       4
       1
       2
       2
       2
       3
       1
       0
       6
       3
       2
       2
       1
       4
       0
       2
       0
       2
       4
       4
       0
       0
       1
       3
       2
       2
       3
       1
       3
       1
       1
       1
       4
       1
       0
       1
       1
       1
       0
       2
       4
       3
       2
       1
       1
       0
       1
       0
       1
       2
       1
       0
       0
       5
       1
       2
       0
       3
       0
       1
       2
       1
       0
       1
       0
       0
       1
       2
       1
       0
       0
       0
       1
       2
       1
       3
       1
       0
       2
       0
       2
       0
       0
       1
       5
       3
       1
       0
       4
       2
       1
       4
       1
       1
       3
       1
       2
       1
       1
       2
       4
       0
       1
       2
       1
       4
       2
       2
       1
       2
       1
       2
       0
       4
       3
       1
       3
       6
       0
       2
       2
       3
       1
       2
       1
       1
       3
       0
       1
       2
       1
       5
       1
       2
       0
       3
       0
       4
       3
       0
       3
       0
       1
       2
       2
       1
       1
       2
       1
       3
       1
       3
       0
       2
       2
       4
       1
       2
       4
       4
       1
       1
       1
       1
       0
       1
       5
       2
       0
       2
       1
       0
       3
       1
       3
       2
       2
       3
       2
       3
       1
       3
       3
       2
       1
       1
       1
       2
       0
       0
       1
       1
       0
       3
       0
       2
       2
       3
       0
       0
       2
       0
       2
       3
       2
       0
       4
       1
       0
       2
       2
       1
       1
       2
       4
       2
       4
       1
       2
       2
       5
       3
       1
       0
       2
       2
       1
       0
       1
       2
       1
       1
       3
       2
       2
       2
       2
       1
       1
       1
       3
       2
       2
       2
       4
       1
       1
       0
       1
       1
       0
       3
       5
       1
       1
       1
       4
       3
       1
       4
       0
       3
       3
       1
       2
       1
       2
       3
       0
       4
       1
       2
       2
       0
       2
       3
       1
       1
       2
       5
       2
       0
       1
       0
       1
       1
       3
       4
       2
       1
       1
       2
       2
       1
       1
       0
       1
       0
       2
       1
       3
       1
       3
       4
       4
       2
       1
       2
       1
       1
       1
       2
       3
       1
       1
       1
       2
       5
       0
       5
       2
       3
       1
       2
       2
       2
       0
       1
       0
       2
       1
       1
       1
       0
       2
       1
       0
       2
       1
       4
       0
       1
       0
       5
       1
       1
       2
       1
       4
       0
       1
       0
       1
       1
       1
       4
       2
       2
       2
       4
       2
       0
       1
       3
       1
       2
       2
       2
       0
       1
       2
       2
       0
       1
       2
       2
       3
       1
       1
       0
       0
       0
       0
       3
       2
       1
       0
       0
       2
       3
       1
       4
       3
       0
       0
       1
       1
       2
       3
       1
       0
       2
       3
       2
       3
       3
       0
       1
       0
       1
       2
       0
       0
       2
       1
       1
       1
       3
       1
       0
       4
       1
       0
       2
       1
       2
       3
       3
       2
       1
       0
       1
       0
       1
       2
       2
       2
       2
       0
       1
       3
       0
       3
       3
       4
       2
       5
       3
       2
       4
       1
       1
       1
       3
       4
       3
       2
       1
       2
       3
       0
       3
       2
       1
       4
       9
       3
       1
       5
       5
       7
       4
       3
       3
       1
       2
       4
       5
       3
       1
       3
       3
       3
       2
       1
       6
       3
       3
       2
       3
       0
       4
       2
       1
       1
       4
       1
       2
       3
       3
       4
       4
       4
       3
       1
       3
       2
       0
       3
       1
       1
       1
       0
       1
       1
       2
       3
       1
       1
       1
       2
       1
       0
       2
       2
       1
       3
       1
       2
       2
       5
       3
       1
       3
       2
       2
       1
       2
       2
       0
       2
       3
       1
       2
       2
       2
       3
       0
       2
       1
       0
       1
       2
       1
       4
       3
       2
       3
       0
       1
       0
       2
       2
       1
       1
       0
       1
       5
       1
       1
       2
       1
       0
       5
       2
       1
       1
       1
       1
       6
       3
       2
       0
       1
       1
       3
       4
       1
       1
       4
       3
       0
       0
       0
       1
       2
       0
       3
       1
       1
       1
       1
       1
       2
       0
       5
       3
       2
       2
       3
       1
       0
       1
       2
       0
       1
       0
       4
       1
       1
       1
       3
       2
       6
       2
       3
       2
       3
       1
       2
       2
       0
       2
       4
       1
       1
       1
       0
       1
       1
       0
       2
       0
       2
       1
       2
       3
       2
       0
       0
       1
       1
       1
       2
       3
       1
       3
       2
       1
       1
       2
       1
       3
       0
       1
       2
       2
       1
       2
       4
       2
       2
       1
       1
       2
       1
       0
       0
       2
       1
       3
       0
       0
       1
       1
       1
       1
       2
       2
       2
       0
       0
       0
       2
       1
       0
       1
       3
       1
       3
       0
       2
       0
       1
       3
       0
       1
       1
       2
       1
       2
       2
       1
       2
       0
       1
       5
       1
       0
       1
       1
       3
       0
       0
       0
       1
       1
       0
       2
       2
       4
       2
       0
       1
       1
       0
       3
       2
       2
       2
       1
       1
       2
       1
       5
       3
       4
       1
       1
       0
       1
       2
       0
       1
       4
       1
       2
       5
       0
       1
       4
       0
       3
       0
       2
       1
       0
       5
       2
       1
       2
       1
       1
       3
       2
       4
       2
       1
       3
       1
       1
       3
       1
       2
       1
       2
       5
       2
       3
       4
       0
       0
       0
       2
       3
       1
       2
       3
       2
       3
       3
       3
       2
       0
       0
       4
       0
       1
       2
       3
       2
       0
       0
       1
       4
       5
       2
       3
       3
       1
       1
       1
       3
       2
       3
       1
       5
       0
       3
       2
       3
       3
       2
       0
       3
       4
       1
       3
       2
       0
       7
       3
       3
       4
       0
       0
       1
       1
       2
       0
       3
       0
       0
       0
       1
       0
       2
       0
       2
       2
       1
       0
       2
       1
       0
       2
       1
       1
       1
       1
       3
       1
       2
       2
       2
       3
       3
       1
       1
       4
       1
       3
       1
       1
       2
       1
       3
       3
       1
       3
       3
       2
       1
       3
       3
       2
       3
       3
       3
       1
       5
       3
       1
       2
       4
       2
       1
       1
       3
       6
       2
       5
       4
       4
       5
       2
       3
       1
       3
       2
       3
       2
       1
       1
       2
       3
       5
       2
       1
       5
       6
       3
       0
       4
       5
       5
       2
       4
       4
       1
       5
       3
       3
       4
       4
       3
       0
       1
       1
       2
       4
       2
       2
       6
       1
       6
       5
       0
       6
       3
       5
       5
       1
       5
       4
       6
       4
       4
       4
       4
       2
       7
       5
       5
       1
       6
       6
       7
       4
       6
       1
       7
       6
       6
       4
       6
       4
       7
       8
       5
       7
       7
       6
      10
       4
       5
      10
       6
       7
       6
       7
      15
       4
       5
      10
       9
      10
       9
       4
       5
       4
       8
       5
       5
      13
       3
       7
       5
       8
       8
       7
       4
       5
       5
       9
       6
       7
       6
       2
       4
       4
       9
       1
       6
       0
       5
       6
       8
       2
       4
       5
       5
       3
       2
       4
       7
       4
       0
       5
       6
       3
       2
       2
       4
       6
       7
       1
       5
       7
       1
       8
       4
       3
       4
       5
       2
       2
       2
       2
       1
       1
       2
       5
       2
       3
       3
       4
       1
       2
       3
       3
       2
       6
       6
       2
       5
       0
       6
       1
       6
       6
       7
       6
       4
       6
       4
       8
       3
       2
       5
       4
       9
       6
       4
       5
       3
       4
       7
       7
       7
       8
       6
       4
       6
      10
       7
       4
       8
      12
       7
       6
       9
       8
       9
      14
       7
      13
      14
      12
      17
      17
       9
      13
      12
      19
      13
      20
      22
      22
      22
      24
      26
      27
      49
      47
      37
      48
      56
      51
      60
      61
      77
      77
      84
      96
     100
      97
     107
     113
     115
     155
     142
     183
     171
     179
     208
     225
     203
     241
     243
     286
     262
     330
     320
     347
     382
     390
     382
     437
     411
     463
     473
     454
     467
     507
     501
     555
     552
     538
     593
     588
     655
     664
     672
     645
     632
     630
     611
     645
     685
     670
     615
     654
     645
     645
     626
     644
     626
     577
     581
     490
     588
     567
     521
     495
     460
     458
     484
     450
     425
     408
     387
     354
     358
     301
     320
     298
     226
     237
     233
     219
     210
     203
     153
     140
     192
     155
     135
     132
     110
      75
     109
      95
      73
      91
      78
      74
      65
      57
      46
      53
      34
      41
      36
      26
      22
      23
      27
      27
      24
      20
      22
      17
      11
      13
      10
      12
      10
      10
       7
       6
       8
       6
       4
       5
       5
       1
       5
       5
       3
       1
       1
       2
       3
       0
       0
       2
       2
       1
       1
       0
       0
       0
       1
       3
       0
       0
       1
       0
       1
       2
       0
       0
       1
       0
       0
       1
       1
       0
       0
       0
       1
       0
       0
       0
       1
       0
       0
       0
       1
       0
       1
       1
       0
       1
       0
       0
       0
       2
       0
       1
       0
       1
       0
       1
       0
       0
       0
       0
       0
       0
       0
       1
       0
       1
       0
       0
       0
       0
       0
       0
       0
       0
       0
       0
       0
       1
       1
       2
       0
       2
       1
       0
       1
       0
       0
       1
       0
       1
       0
       0
       0
       0
       0
       1
       1
       3
       0
       0
       0
       0
       0
       1
       0
       0
       1
       0
       3
       0
       0
       2
       1
       1
       0
       1
       0
       1
       0
       0
       1
       0
       0
       0
       0
       0
       1
       0
       1
       0
       0
       0
       0
       0
       0
       0
       0
       0
       0
       0
       0
       0
       0
       0
       0
       0
       0
       0
       0
       0
       0
       0
       0
       0
       0
       0
       0
       0
       0
       0
       0
       0
       0
       0
       0
       0
       0
       0
       0
       0
       0
       0
       0
       0
       0
       0
       0
       0
       0
       0
       0
       0
       0
       0
       0
       0
       0
       0
       0
       0
       0
       0
       0
       0
       0
       0
       0
       0
       0
       0
       0
       0
       0
       0
       0
       0
       0
       0
       0
       0
       0
       0
       0
       0
       0
       0
       0
       0
       0
       0
       0
       0
       0
       0
       0
       0
       0
       0
       0
       0
       0
       0
       0
       0
       0
       0
       0
       0
       0
       0
       0
       0
       0
       0
       0
       0
       0
       0
       0
       0
       0
       0
       0
       0
       0
       0
       0
       0
       0
       0
       0
       0
       0
       0
       0
       0
       0
       0
       0
       0
       0
       0
       0
       0
       0
       0
       0
       0
       0
       0
       0
       0
       0
       0
       0
       0
       0
       0
       0
       0
       0
       0
       0
       0
       0
       0
       0
       0
       0
       0
       0
       0
       0
       0
       0
       0
       0
       0
       0
       0
       0
       0
       0
       0
       0
       0
       0
       0
       0
       0
       0
       0
       0
       0
       0
       0
       0
       0
       1
       0
       0
       0
       0
       0
       0
       0
       0
       0
       0
       0
       0
       0
       0
       0
       0
       0
       0
       0
       0
       0
       0
       0
       0
       0
       0
       0
       0
       0
       0
       0
       0
       0
       0
       0
       0
       0
       0
       0
       0
       0
       0
       0
       0
       0
       0
       0
       0
       0
       0
       0
       0
       0
       0
       0
       0
       0
       0
       0
       0
       0
       0
       0
       0
       0
       0
       0
       0
       1
       0
       0
       0
       0
       0
       0
       0
       0
       0
       0
       0
       0
       0
       0
       0
       0
       0
       0
       0
       1
       0
       0
       0
       0
       0
       0
       0
       0
       0
       0
       0
       0
       0
       0
       0
       0
       0
       0
       0
       0
       0
       0
       0
       0
       0
       0
       0
       0
       0
       0
       0
       0
       0
       0
       0
       0
       0
       0
       0
       0
       0
       0
       0
       0
       0
       0
       0
       0
       0
       0
       0
       0
       0
       0
       0
       0
       0
       0
       0
       0
       0
       0
       0
       0
       0
       0
       0
       0
       0
       0
       0
       0
       0
       0
       0
       0
       0
       0
       0
       0
       0
       0
       0
       0
       0
       0
       0
       0
       0
       0
       0
       0
       0
       0
       0
       0
       0
       0
       0
       0
       0
       0
       0
       0
       0
       0
       0
       0
       0
       0
       0
       0
       0
       0
       0
       0
       0
       0
       0
       0
       0
       0
       0
       0
       0
       0
       0
       0
       0
       0
       0
       0
       0
       0
       0
       0
       0
       0
       0
       0
       0
       0
       0
       0
       0
       0
       0
       0
       0
       0
       0
       0
$ROI:
2
1360 1435
1515 1539
$PRESETS:
Live Time
1000
0
$ENER_FIT:
0.000000 7.496722
$MCA_CAL:
3
0.000000E+000 7.496722E+000 0.000000E+000 keV
$SHAPE_CAL:
3
7.824383E+000 0.000000E+000 0.000000E+000
