$SPEC_ID:
No sample description was entered.
$SPEC_REM:
DET# 1
DETDESC# E-C11SRPLAB222 MCB 129
AP# Maestro Version 7.01
$DATE_MEA:
02/12/2026 12:48:10
$MEAS_TIM:
153 158
$DATA:
0 2047
       0
       0
       0
       0
       0
       0
       0
       0
       0
       0
       0
       0
       0
       0
       0
       0
       0
       0
       0
       0
       0
       0
       0
       0
       0
       0
       0
       0
       0
       0
       0
       0
       0
       0
       0
       0
       0
       0
       0
       0
       0
       0
       0
       0
       0
       0
       0
       0
       0
       0
       9
      13
       8
       1
       2
       0
       0
       1
       0
       0
       1
       0
       1
       1
       0
       0
       0
       2
       0
       0
       1
       0
       0
       0
       0
       0
       1
       0
       0
       0
       0
       0
       0
       1
       0
       0
       0
       0
       1
       0
       0
       0
       0
       0
       0
       0
       0
       1
       0
       0
       0
       1
       0
       1
       0
       0
       1
       0
       0
       0
       1
       0
       1
       0
       0
       1
       1
       0
       2
       1
       0
       0
       1
       0
       3
       1
       0
       0
       2
       1
       0
       0
       1
       0
       0
       2
       1
       0
       0
       0
       0
       0
       0
       0
       1
       1
       0
       0
       0
       0
       0
       1
       1
       0
       1
       3
       1
       0
       0
       2
       1
       0
       0
       0
       1
       0
       3
       1
       2
       1
       0
       0
       0
       0
       0
       2
       0
       0
       0
       0
       1
       0
       3
       0
       0
       1
       1
       0
       0
       1
       3
       0
       1
       0
       0
       2
       1
       0
       1
       0
       0
       0
       0
       0
       0
       0
       0
       1
       0
       2
       1
       1
       0
       0
       1
       0
       0
       0
       0
       0
       3
       0
       0
       0
       0
       0
       3
       0
       0
       0
       0
       0
       0
       1
       1
       0
       0
       0
       0
       0
       0
       0
       0
       0
       1
       3
       1
       1
       0
       0
       0
       0
       4
       1
       0
       0
       0
       1
       0
       0
       0
       0
       0
       0
       3
       1
       0
       1
       0
       1
       0
       0
       1
       0
       2
       0
       0
       3
       0
       1
       1
       0
       0
       0
       0
       0
       0
       1
       0
       0
       1
       1
       0
       3
       1
       0
       0
       0
       0
       2
       0
       0
       0
       0
       0
       0
       0
       0
       0
       1
       0
       1
       1
       0
       0
       0
       0
       1
       1
       0
       2
       2
       0
       1
       0
       0
       0
       1
       0
       0
       0
       1
       1
       0
       0
       0
       0
       0
       0
       0
       1
       2
       0
       0
       0
       0
       0
       2
       0
       0
       3
       2
       0
       0
       1
       0
       0
       0
       4
       2
       1
       0
       0
       0
       0
       0
       2
       1
       0
       0
       0
       1
       0
       0
       0
       0
       1
       0
       0
       0
       0
       0
       1
       0
       0
       1
       0
       0
       1
       0
       0
       0
       0
       0
       0
       0
       0
       0
       1
       0
       1
       0
       1
       0
       0
       1
       0
       2
       1
       1
       0
       0
       1
       0
       0
       1
       1
       1
       0
       0
       1
       2
       0
       0
       1
       2
       0
       0
       0
       1
       1
       0
       1
       1
       0
       0
       1
       0
       0
       1
       2
       0
       1
       0
       2
       1
       1
       0
       1
       0
       0
       0
       1
       0
       1
       0
       0
       1
       0
       0
       0
       2
       0
       1
       2
       1
       3
       1
       0
       0
       0
       0
       1
       0
       0
       0
       0
       0
       0
       0
       1
       0
       0
       2
       0
       0
       1
       0
       0
       0
       0
       2
       0
       0
       4
       1
       0
       0
       0
       1
       0
       0
       1
       0
       0
       0
       2
       1
       2
       2
       0
       0
       0
       0
       0
       0
       2
       0
       0
       0
       0
       0
       0
       1
       1
       0
       0
       0
       0
       1
       0
       0
       0
       0
       1
       0
       1
       2
       0
       0
       1
       0
       1
       0
       1
       0
       1
       0
       0
       0
       1
       0
       1
       0
       1
       0
       0
       0
       1
       0
       0
       0
       0
       0
       1
       3
       0
       1
       1
       3
       1
       0
       0
       1
       0
       1
       0
       0
       0
       0
       0
       0
       0
       0
       0
       0
       0
       0
       0
       2
       3
       2
       0
       0
       0
       1
       0
       0
       0
       1
       0
       1
       0
       0
       1
       0
       1
       1
       1
       0
       0
       0
       1
       0
       1
       2
       1
       1
       0
       0
       1
       0
       0
       1
       0
       0
       2
       2
       0
       0
       0
       1
       0
       0
       0
       1
       0
       0
       0
       1
       0
       0
       1
       1
       1
       0
       0
       0
       0
       1
       0
       2
       0
       0
       1
       2
       0
       0
       0
       0
       0
       0
       1
       0
       0
       0
       0
       2
       0
       0
       1
       0
       0
       0
       0
       2
       0
       3
       2
       0
       2
       0
       1
       0
       1
       0
       1
       0
       1
       2
       0
       0
       0
       0
       0
       1
       0
       2
       3
       1
       1
       1
       3
       0
       1
       0
       2
       1
       1
       2
       1
       1
       2
       0
       0
       0
       1
       0
       1
       0
       0
       1
       1
       3
       0
       0
       1
       0
       1
       1
       0
       0
       1
       0
       2
       0
       0
       0
       0
       0
       0
       1
       0
       2
       0
       1
       0
       1
       0
       0
       1
       0
       0
       0
       0
       0
       1
       0
       0
       1
       0
       0
       0
       1
       0
       1
       0
       0
       1
       0
       1
       0
       0
       1
       1
       0
       0
       0
       0
       0
       0
       0
       0
       0
       1
       0
       0
       0
       1
       0
       1
       0
       0
       0
       0
       0
       0
       0
       0
       0
       0
       0
       2
       1
       0
       1
       0
       1
       1
       0
       0
       0
       1
       0
       0
       0
       0
       1
       0
       0
       0
       0
       1
       0
       1
       2
       0
       0
       0
       0
       0
       1
       0
       0
       1
       0
       0
       0
       0
       0
       0
       0
       2
       2
       0
       1
       0
       0
       1
       0
       0
       1
       0
       0
       0
       0
       0
       2
       1
       1
       0
       0
       0
       2
       0
       0
       0
       0
       1
       0
       1
       0
       1
       1
       1
       1
       0
       1
       1
       0
       0
       1
       1
       0
       0
       0
       0
       0
       0
       0
       0
       0
       0
       0
       0
       0
       0
       0
       0
       2
       1
       2
       0
       1
       0
       1
       0
       1
       0
       0
       0
       0
       0
       0
       0
       1
       2
       0
       0
       0
       1
       0
       0
       0
       0
       1
       1
       1
       0
       1
       0
       0
       0
       0
       0
       0
       0
       1
       0
       1
       0
       0
       0
       0
       2
       0
       1
       0
       0
       0
       0
       1
       0
       0
       1
       0
       0
       0
       0
       0
       1
       0
       0
       0
       1
       2
       2
       0
       1
       1
       0
       1
       0
       0
       0
       0
       0
       2
       1
       0
       0
       1
       0
       2
       0
       0
       1
       0
       1
       0
       0
       0
       0
       1
       0
       1
       1
       1
       1
       1
       1
       0
       1
       0
       0
       1
       1
       1
       0
       1
       0
       0
       0
       0
       0
       0
       0
       0
       1
       0
       0
       0
       0
       0
       0
       0
       0
       0
       0
       0
       0
       0
       0
       1
       1
       0
       1
       1
       0
       0
       1
       1
       1
       0
       1
       0
       2
       1
       0
       1
       0
       0
       0
       1
       0
       0
       0
       0
       0
       0
       0
       0
       0
       0
       1
       1
       1
       0
       0
       1
       0
       2
       0
       0
       0
       1
       0
       0
       1
       1
       0
       2
       0
       2
       0
       2
       0
       0
       1
       1
       2
       0
       0
       1
       1
       1
       0
       1
       1
       0
       0
       2
       0
       0
       1
       1
       3
       1
       0
       2
       1
       1
       1
       1
       0
       0
       1
       0
       0
       0
       0
       0
       0
       1
       0
       1
       0
       1
       1
       0
       1
       1
       0
       1
       0
       1
       0
       0
       3
       2
       0
       0
       0
       2
       0
       0
       0
       1
       2
       0
       2
       0
       0
       1
       0
       0
       1
       1
       0
       1
       1
       1
       2
       1
       0
       2
       1
       0
       2
       0
       0
       0
       1
       0
       2
       1
       4
       0
       1
       0
       0
       4
       2
       0
       1
       0
       2
       1
       0
       1
       1
       1
       1
       0
       2
       0
       1
       3
       1
       0
       3
       1
       0
       2
       2
       0
       1
       1
       1
       3
       2
       2
       2
       3
       3
       1
       2
       4
       1
       1
       2
       2
       0
       3
       4
       1
       2
       2
       3
       2
       1
       3
       1
       3
       0
       3
       3
       0
       0
       1
       3
       3
       3
       1
       2
       4
       3
       2
       3
       2
       0
       0
       1
       5
       0
       2
       0
       0
       0
       0
       2
       1
       1
       0
       3
       0
       2
       1
       2
       1
       1
       2
       2
       1
       1
       1
       0
       0
       0
       0
       0
       0
       2
       1
       0
       0
       2
       0
       1
       2
       1
       0
       0
       2
       3
       1
       1
       1
       2
       3
       0
       0
       0
       2
       1
       1
       1
       1
       1
       1
       0
       2
       0
       0
       1
       1
       0
       7
       2
       0
       1
       0
       2
       1
       2
       2
       3
       2
       1
       1
       2
       2
       0
       4
       1
       2
       3
       4
       2
       2
       7
       5
       6
       9
       8
      11
      14
       8
       5
       8
       7
       6
      12
      15
      10
      21
      21
      22
      22
      23
      26
      29
      23
      27
      26
      30
      33
      45
      39
      44
      47
      61
      44
      61
      72
      77
      68
      74
      58
      82
      94
     103
      92
     108
      93
     107
     119
     112
     135
     124
     119
     132
     139
     141
     158
     170
     143
     179
     164
     190
     165
     197
     175
     201
     195
     206
     176
     206
     190
     181
     199
     182
     200
     175
     183
     169
     179
     162
     156
     163
     123
     154
     149
     155
     135
     134
     120
     107
     123
     125
      95
     103
      85
      99
      96
      82
      71
      51
      71
      60
      45
      54
      56
      50
      39
      36
      46
      35
      30
      27
      42
      29
      15
      19
      18
      24
      15
      18
      19
      11
       3
      11
      16
       7
       6
       9
       6
       2
       6
       2
       5
       8
       3
       5
       3
       0
       2
       4
       2
       7
       0
       0
       1
       1
       1
       1
       1
       1
       1
       1
       4
       1
       0
       1
       0
       0
       1
       0
       0
       0
       0
       0
       0
       0
       0
       1
       1
       0
       0
       0
       0
       0
       0
       0
       0
       0
       0
       0
       0
       0
       0
       0
       0
       1
       0
       0
       0
       0
       0
       0
       0
       0
       0
       0
       0
       0
       1
       0
       0
       0
       0
       0
       0
       2
       0
       0
       0
       0
       0
       0
       0
       0
       0
       0
       0
       0
       1
       0
       0
       0
       1
       1
       0
       0
       0
       0
       0
       1
       0
       1
       0
       0
       0
       0
       0
       1
       0
       0
       0
       0
       0
       0
       0
       0
       0
       0
       0
       1
       0
       0
       0
       0
       0
       0
       0
       0
       0
       0
       0
       0
       0
       0
       2
       0
       0
       0
       0
       0
       0
       1
       0
       0
       0
       0
       0
       0
       0
       0
       0
       0
       0
       0
       0
       0
       0
       0
       0
       0
       0
       0
       0
       0
       0
       0
       0
       0
       0
       0
       0
       0
       0
       0
       0
       0
       0
       0
       0
       0
       0
       0
       0
       0
       0
       0
       0
       0
       0
       0
       0
       0
       0
       0
       0
       0
       0
       0
       0
       0
       0
       0
       0
       0
       0
       0
       0
       0
       0
       0
       0
       0
       0
       0
       0
       0
       0
       0
       0
       0
       0
       0
       0
       0
       0
       0
       0
       0
       0
       0
       0
       0
       0
       0
       0
       0
       0
       0
       0
       0
       0
       0
       0
       0
       0
       0
       0
       0
       0
       0
       0
       0
       0
       0
       0
       0
       0
       0
       0
       0
       0
       0
       0
       0
       0
       0
       0
       0
       0
       0
       0
       0
       0
       0
       0
       0
       0
       0
       0
       0
       0
       0
       0
       0
       0
       0
       0
       0
       0
       0
       0
       0
       0
       0
       0
       0
       0
       0
       0
       0
       0
       0
       0
       0
       0
       0
       0
       0
       0
       0
       0
       0
       0
       0
       0
       0
       0
       0
       0
       0
       0
       0
       0
       0
       0
       0
       0
       0
       0
       0
       0
       0
       0
       0
       0
       0
       0
       0
       0
       0
       0
       0
       0
       0
       0
       0
       0
       0
       0
       0
       0
       0
       0
       0
       0
       0
       0
       0
       0
       0
       0
       0
       0
       0
       0
       0
       0
       0
       0
       0
       0
       0
       0
       0
       0
       0
       0
       0
       0
       0
       0
       0
       0
       0
       0
       0
       0
       0
       0
       0
       0
       0
       0
       0
       0
       0
       0
       0
       0
       0
       0
       0
       0
       0
       0
       0
       0
       0
       0
       0
       0
       0
       0
       0
       0
       0
       0
       0
       0
       0
       0
       0
       0
       0
       0
       0
       0
       0
       0
       0
       0
       0
       0
       0
       0
       0
       0
       0
       0
       0
       0
       0
       0
       0
       0
       0
       0
       0
       0
       0
       0
       0
       0
       0
       0
       0
       0
       0
       0
       0
       0
       0
       0
       0
       0
       0
       0
       0
       0
       0
       0
       0
       0
       0
       0
       0
       0
       0
       0
       0
       0
       0
       0
       0
       0
       0
       0
       0
       0
       0
       0
       0
       0
       0
       0
       0
       0
       0
       0
       0
       0
       0
       0
       0
       0
       0
       0
       0
       0
       0
       0
       0
       0
       0
       0
       0
       0
       0
       0
       0
       0
       0
       0
       0
       0
       0
       0
       0
       0
       0
       0
       0
       0
       0
       0
       0
       0
       0
       0
       0
       0
       0
       0
       0
       0
       0
       0
       0
       0
       0
       0
       0
       0
       0
       0
       0
       0
       0
       0
       0
       0
       0
       0
       0
       0
       0
       0
       0
       0
       0
       0
       0
       0
       0
       0
       0
       0
       0
       0
       0
$ROI:
2
167 167
1366 1444
$PRESETS:
Live Time
1000
0
$ENER_FIT:
0.000000 7.496722
$MCA_CAL:
3
0.000000E+000 7.496722E+000 0.000000E+000 keV
$SHAPE_CAL:
3
7.824383E+000 0.000000E+000 0.000000E+000
