$SPEC_ID:
No sample description was entered.
$SPEC_REM:
DET# 1
DETDESC# E-C11SRPLAB222 MCB 129
AP# Maestro Version 7.01
$DATE_MEA:
02/12/2026 16:00:21
$MEAS_TIM:
552 567
$DATA:
0 2047
       0
       0
       0
       0
       0
       0
       0
       0
       0
       0
       0
       0
       0
       0
       0
       0
       0
       0
       0
       0
       0
       0
       0
       0
       0
       0
       0
       1
       0
       0
       0
       0
       0
       0
       0
       0
       0
       0
       0
       0
       0
       0
       0
       0
       0
       0
       0
       0
       0
       2
      39
      24
       9
       6
       6
       2
       0
       1
       1
       1
       0
       0
       0
       1
       0
       0
       1
       0
       2
       2
       1
       4
       1
       1
       0
       1
       1
       0
       1
       2
       1
       2
       1
       3
       2
       2
       3
       0
       1
       2
       0
       0
       0
       4
       0
       1
       3
       1
       1
       0
       1
       2
       1
       4
       1
       2
       1
       2
       1
       4
       4
       5
       5
       4
       2
       3
       3
       3
       0
       0
       1
       3
       4
       0
       2
       2
       1
       1
       3
       3
       4
       5
       0
       2
       4
       1
       3
       2
       0
       2
       2
       2
       2
       1
       5
       5
       2
       4
       4
       0
       5
       2
       2
       2
       2
       2
       2
       1
       0
       6
       3
       1
       1
       1
       3
       4
       3
       1
       1
       3
       0
       3
       4
       2
       6
       0
       2
       1
       2
       1
       4
       2
       3
       1
       4
       2
       0
       3
       1
       4
       3
       2
       3
       2
       2
       3
       1
       2
       1
       0
       2
       1
       0
       3
       1
       2
       1
       1
       1
       2
       5
       2
       3
       2
       0
       3
       0
       0
       4
       4
       3
       2
       2
       2
       2
       4
       3
       4
       0
       0
       1
       4
       1
       4
       3
       0
       3
       3
       1
       1
       0
       4
       2
       4
       2
       1
       3
       0
       4
       3
       1
       2
       4
       3
       2
       3
       5
       4
       2
       2
       2
       3
       1
       2
       1
       3
       2
       2
       3
       2
       5
       3
       2
       3
       2
       2
       3
       3
       2
       3
       7
       5
       3
       3
       3
       1
       7
       3
       1
       1
       2
       2
       6
       3
       5
       1
       1
       0
       0
       2
       1
       0
       1
       2
       2
       1
       2
       2
       2
       3
       3
       1
       2
       2
       0
       2
       3
       5
       2
       2
       1
       1
       3
       1
       2
       1
       2
       2
       4
       4
       1
       0
       1
       2
       2
       3
       2
       0
       6
       2
       0
       2
       6
       1
       3
       1
       2
       2
       3
       1
       1
       2
       3
       1
       2
       1
       2
       2
       2
       0
       0
       0
       4
       0
       4
       1
       3
       2
       2
       3
       0
       1
       4
       1
       1
       2
       2
       2
       1
       1
       6
       2
       2
       3
       2
       0
       2
       2
       2
       2
       1
       2
       1
       3
       1
       5
       2
       3
       2
       2
       1
       1
       2
       1
       1
       6
       6
       3
       4
       1
       1
       1
       2
       2
       3
       6
       1
       1
       4
       5
       4
       1
       2
       6
       2
       3
       1
       0
       2
       0
       1
       3
       7
       2
       3
       3
       1
       2
       1
       1
       1
       3
       5
       3
       1
       0
       1
       1
       0
       2
       4
       5
       5
       3
       2
       1
       1
       5
       3
       2
       1
       3
       1
       2
       5
       4
       1
       2
       3
       2
       1
       5
       2
       3
       5
       2
       2
       2
       2
       1
       1
       1
       3
       1
       5
       2
       4
       1
       1
       0
       1
       1
       1
       3
       2
       2
       2
       4
       4
       1
       1
       4
       1
       2
       4
       1
       3
       2
       0
       4
       2
       2
       1
       1
       1
       2
       0
       2
       1
       1
       2
       2
       1
       3
       2
       0
       4
       2
       5
       0
       4
       0
       2
       1
       0
       3
       3
       1
       1
       4
       0
       1
       1
       0
       3
       2
       0
       0
       2
       0
       0
       0
       3
       1
       6
       1
       1
       2
       3
       3
       0
       4
       2
       2
       3
       1
       1
       3
       3
       1
       2
       1
       4
       3
       1
       2
       3
       2
       2
       1
       2
       4
       1
       5
       2
       0
       1
       1
       1
       0
       1
       2
       1
       3
       1
       3
       3
       1
       1
       0
       2
       5
       1
       3
       1
       6
       3
       1
       4
       2
       2
       3
       1
       5
       4
       3
       2
       8
       5
       3
       8
       7
       1
       3
       1
       3
       8
       6
       4
       6
       8
       6
       6
       2
       7
       2
       5
       7
       1
       2
       8
       5
       4
       7
       3
       3
       3
       2
       5
       2
       2
       2
       3
       1
       5
       4
       2
       3
       3
       3
       3
       6
       1
       4
       0
       2
       0
       3
       7
       4
       1
       1
       1
       2
       5
       2
       2
       1
       0
       4
       0
       1
       3
       3
       1
       3
       0
       1
       5
       4
       0
       3
       1
       0
       5
       2
       0
       1
       3
       3
       2
       2
       2
       3
       2
       2
       1
       0
       1
       3
       3
       2
       3
       1
       2
       0
       2
       1
       2
       1
       1
       5
       1
       5
       0
       1
       3
       2
       3
       1
       1
       2
       5
       1
       1
       3
       1
       1
       0
       1
       1
       7
       2
       2
       0
       1
       4
       2
       2
       1
       0
       2
       3
       2
       2
       2
       0
       0
       0
       1
       3
       2
       2
       2
       0
       1
       1
       2
       1
       4
       1
       2
       0
       3
       0
       0
       2
       1
       1
       2
       3
       1
       4
       2
       1
       4
       0
       2
       1
       1
       3
       2
       3
       1
       1
       1
       4
       4
       1
       0
       1
       3
       2
       5
       1
       1
       1
       2
       3
       0
       2
       2
       0
       1
       4
       3
       3
       1
       0
       0
       2
       1
       3
       1
       1
       1
       1
       2
       4
       3
       2
       0
       0
       3
       4
       4
       2
       0
       0
       2
       2
       2
       1
       3
       5
       0
       1
       3
       3
       5
       1
       4
       0
       2
       1
       4
       4
       1
       3
       1
       1
       1
       3
       2
       2
       2
       1
       3
       0
       5
       1
       2
       3
       1
       3
       2
       2
       1
       0
       3
       1
       3
       0
       1
       4
       6
       3
       1
       2
       3
       2
       2
       4
       3
       3
       1
       3
       1
       0
       3
       2
       0
       3
       2
       2
       2
       2
       4
       2
       3
       4
       1
       3
       1
       3
       2
       2
       4
       5
       2
       4
       1
       2
       2
       1
       2
       5
       0
       2
       3
       2
       2
       1
       2
       3
       3
       1
       0
       1
       1
       2
       2
       1
       5
       1
       2
       3
       4
       4
       3
       4
       2
       4
       4
       1
       1
       4
       0
       2
       0
       1
       3
       4
       1
       2
       1
       0
       1
       1
       3
       3
       1
       2
       1
       4
       3
       3
       3
       1
       3
       3
       4
       3
       2
       2
      10
       1
       3
       0
       3
       0
       4
       0
       2
       2
       4
       1
       2
       1
       3
       1
       3
       4
       4
       1
       3
       4
       3
       2
       3
       3
       3
       2
       5
       0
       3
       4
       4
       2
       3
       1
       3
       3
       2
       6
       2
       4
       0
       2
       1
       1
       1
       4
       2
       2
       3
       2
       5
       6
       5
       4
       3
       4
       3
       5
       3
       3
       3
       2
       4
       1
       6
       4
       4
       4
       5
       6
       5
       1
       5
       2
       9
       3
       5
       4
       5
       2
      13
       6
       6
       7
       7
       4
       5
      10
       7
       7
       7
       7
      10
      11
       6
       8
      10
      10
       8
       9
       8
      11
       6
      12
      11
       7
       9
      13
       7
       9
      11
      13
      12
       7
       8
      13
      13
      12
      15
      11
      11
      17
       5
      12
       6
      11
      10
       8
      11
      11
      15
      10
       8
       3
       7
       4
      11
       4
       6
       6
      12
      15
       8
      11
       4
       9
       8
       0
       8
       7
       3
       3
       8
       5
       4
       9
       4
       8
       6
       4
       6
       7
       6
       3
       3
       7
       6
       7
       3
       5
       1
       6
       5
       5
       4
       3
       6
       5
       5
       5
       7
       8
       8
       4
       3
       5
       5
       6
       5
       6
       2
       6
      10
       3
       4
       5
       6
       4
       2
       3
       5
       3
      13
       2
       7
       1
       5
       6
       5
       3
       4
       7
       5
       7
       5
       3
       6
       5
       2
       5
       4
       4
       7
       8
       6
       5
       5
       9
      11
       4
       8
       8
       6
       6
       8
       7
       9
       5
      11
       8
       9
      18
      10
       5
       8
      15
       8
       9
      15
      10
      17
      12
      14
      19
      20
      16
      19
      19
      18
      23
      25
      19
      23
      28
      31
      33
      34
      43
      58
      55
      55
      77
      64
      76
      66
      81
      78
      93
     123
     121
     132
     137
     165
     166
     178
     197
     202
     237
     264
     288
     285
     286
     362
     363
     396
     451
     426
     455
     498
     534
     579
     626
     613
     683
     702
     736
     744
     785
     845
     822
     816
     893
     915
     910
     899
    1010
     918
    1003
     969
     977
    1013
    1011
    1001
     985
     921
     954
     994
     993
     916
     903
     920
     865
     788
     792
     784
     750
     705
     657
     662
     620
     557
     560
     498
     487
     436
     434
     351
     322
     330
     301
     285
     264
     230
     200
     175
     191
     178
     159
     133
     124
     115
     123
      83
      87
      83
      69
      46
      54
      32
      31
      37
      36
      23
      18
      21
      27
      16
      14
      17
      14
      11
      12
       7
       9
       7
       5
       3
       2
       3
       2
       1
       5
       4
       0
       0
       2
       1
       0
       2
       0
       0
       0
       0
       2
       0
       0
       0
       2
       1
       0
       1
       0
       0
       0
       0
       0
       0
       0
       0
       1
       0
       0
       0
       0
       0
       0
       0
       0
       0
       0
       0
       0
       0
       0
       0
       0
       0
       0
       1
       0
       0
       0
       0
       0
       1
       0
       0
       0
       0
       0
       0
       0
       0
       0
       0
       0
       0
       0
       0
       0
       0
       0
       0
       0
       0
       0
       0
       1
       0
       0
       0
       0
       0
       0
       0
       0
       0
       1
       0
       0
       0
       0
       0
       0
       0
       1
       2
       0
       0
       0
       2
       0
       0
       0
       0
       0
       0
       0
       0
       1
       0
       0
       0
       0
       0
       0
       0
       0
       0
       0
       1
       1
       0
       0
       1
       0
       0
       0
       0
       0
       0
       0
       0
       0
       0
       0
       0
       0
       1
       1
       1
       0
       0
       0
       0
       0
       0
       1
       1
       0
       0
       0
       1
       0
       0
       0
       0
       0
       0
       0
       1
       0
       1
       0
       0
       0
       0
       0
       0
       1
       0
       0
       1
       0
       0
       0
       0
       1
       0
       0
       1
       0
       1
       1
       0
       0
       1
       1
       0
       1
       0
       0
       0
       1
       1
       1
       0
       2
       0
       0
       0
       0
       1
       0
       0
       0
       2
       0
       2
       1
       2
       2
       1
       2
       4
       0
       0
       0
       0
       0
       0
       1
       0
       0
       1
       0
       2
       0
       0
       0
       0
       0
       1
       0
       0
       0
       0
       0
       0
       0
       0
       0
       0
       0
       0
       1
       0
       0
       0
       0
       0
       0
       0
       0
       0
       0
       0
       0
       0
       0
       0
       0
       0
       0
       0
       0
       0
       0
       0
       0
       0
       0
       0
       0
       0
       0
       0
       0
       0
       0
       0
       0
       0
       0
       0
       0
       0
       0
       0
       0
       0
       0
       0
       0
       0
       0
       0
       0
       0
       0
       0
       0
       0
       0
       0
       0
       0
       0
       0
       0
       0
       0
       0
       0
       0
       0
       0
       0
       0
       0
       0
       0
       0
       0
       0
       0
       0
       0
       0
       0
       0
       0
       0
       0
       0
       0
       0
       0
       0
       0
       0
       0
       0
       0
       0
       0
       0
       0
       0
       0
       0
       0
       1
       0
       0
       0
       0
       0
       0
       0
       0
       0
       0
       0
       0
       0
       0
       0
       0
       0
       0
       0
       0
       0
       0
       0
       0
       0
       0
       0
       0
       0
       0
       0
       0
       0
       0
       0
       0
       0
       0
       0
       0
       0
       0
       0
       0
       0
       0
       0
       0
       0
       0
       0
       0
       0
       0
       0
       0
       0
       0
       0
       0
       0
       0
       0
       0
       0
       0
       0
       0
       0
       0
       0
       0
       0
       0
       0
       0
       0
       1
       0
       0
       0
       0
       0
       0
       0
       0
       0
       0
       0
       0
       0
       0
       0
       0
       0
       0
       0
       0
       0
       0
       0
       0
       0
       0
       0
       0
       0
       0
       0
       0
       0
       0
       0
       0
       0
       0
       0
       0
       0
       0
       0
       0
       0
       0
       0
       0
       0
       0
       1
       0
       0
       0
       0
       0
       0
       0
       0
       0
       0
       0
       0
       0
       0
       0
       0
       0
       0
       0
       0
       0
       0
       0
       0
       0
       0
       0
       0
       0
       0
       0
       0
       0
       0
       0
       0
       0
       0
       0
       0
       0
       0
       0
       0
       0
       0
       0
       0
       0
       0
       0
       0
       0
       0
       0
       0
       0
       0
       0
       0
       0
       0
       0
       0
       0
       0
       0
       0
       0
       0
       0
       0
       0
       0
       0
       0
       0
       0
       0
       0
       0
       0
       0
       0
       0
       0
       0
       0
       0
       0
       0
       0
       0
       0
       0
       0
       0
       0
       0
       0
       0
       0
       0
       0
       0
       0
       0
       0
       0
       0
       0
       0
       0
       0
       0
       0
       0
       0
       0
       0
       0
       0
       0
       0
       0
       0
       0
       0
       0
       0
       0
       0
       0
       0
       0
       0
       0
       0
       0
       0
       0
       0
       0
       0
       0
       0
       0
       0
       0
       0
       0
       0
       0
       0
       0
       0
       0
       0
       0
       0
       0
       0
       0
       0
       0
       0
       0
       0
       0
       0
       0
       0
       0
       0
       0
       0
       0
       0
       0
       0
       0
       0
       0
       0
       0
       0
       0
       0
       0
$ROI:
1
1279 1334
$PRESETS:
Live Time
1000
0
$ENER_FIT:
0.000000 7.496722
$MCA_CAL:
3
0.000000E+000 7.496722E+000 0.000000E+000 keV
$SHAPE_CAL:
3
7.824383E+000 0.000000E+000 0.000000E+000
