$SPEC_ID:
No sample description was entered.
$SPEC_REM:
DET# 1
DETDESC# E-C11SRPLAB222 MCB 129
AP# Maestro Version 7.01
$DATE_MEA:
02/12/2026 16:10:25
$MEAS_TIM:
343 350
$DATA:
0 2047
       0
       0
       0
       0
       0
       0
       0
       0
       0
       0
       0
       0
       0
       0
       0
       0
       0
       0
       0
       0
       0
       0
       0
       0
       0
       0
       0
       0
       0
       0
       0
       0
       0
       0
       0
       0
       0
       0
       0
       0
       0
       0
       0
       0
       0
       0
       0
       0
       0
       3
      33
      27
      13
       6
       2
       1
       0
       1
       1
       1
       0
       1
       1
       0
       4
       0
       2
       1
       0
       1
       2
       0
       0
       0
       0
       1
       0
       1
       1
       0
       2
       1
       0
       0
       1
       1
       0
       1
       0
       0
       2
       2
       1
       0
       2
       2
       3
       2
       2
       2
       0
       2
       1
       4
       1
       2
       1
       3
       0
       1
       3
       4
       2
       0
       3
       3
       1
       1
       1
       2
       2
       0
       2
       1
       0
       3
       4
       3
       2
       0
       0
       1
       1
       1
       0
       2
       0
       1
       2
       1
       0
       1
       3
       1
       0
       1
       1
       0
       0
       2
       3
       1
       0
       0
       2
       2
       0
       1
       1
       1
       2
       0
       2
       1
       2
       2
       2
       1
       2
       2
       1
       1
       1
       0
       1
       2
       0
       0
       2
       2
       1
       0
       0
       0
       0
       5
       5
       2
       2
       0
       2
       2
       0
       3
       4
       2
       4
       2
       0
       1
       0
       2
       1
       3
       0
       1
       2
       2
       3
       1
       0
       1
       2
       0
       3
       1
       4
       1
       1
       0
       0
       3
       2
       0
       2
       0
       2
       0
       2
       1
       2
       3
       1
       0
       2
       0
       1
       1
       1
       1
       1
       2
       3
       2
       1
       0
       1
       2
       2
       1
       0
       3
       1
       1
       4
       3
       0
       2
       2
       1
       1
       4
       0
       2
       1
       1
       4
       1
       2
       1
       1
       1
       2
       0
       2
       0
       1
       3
       2
       3
       0
       0
       1
       0
       2
       1
       4
       3
       3
       0
       2
       0
       2
       2
       1
       0
       5
       1
       2
       2
       1
       1
       2
       1
       1
       2
       1
       2
       5
       0
       2
       0
       1
       2
       4
       2
       0
       2
       0
       0
       2
       0
       1
       4
       3
       1
       0
       1
       3
       2
       1
       2
       2
       1
       3
       2
       1
       4
       4
       1
       0
       3
       0
       5
       3
       2
       1
       0
       2
       1
       2
       1
       2
       1
       1
       1
       2
       3
       1
       1
       2
       0
       2
       2
       1
       1
       4
       2
       1
       1
       1
       1
       2
       1
       0
       2
       1
       1
       1
       4
       2
       2
       1
       0
       1
       1
       0
       2
       1
       4
       0
       1
       2
       0
       0
       2
       1
       2
       2
       2
       1
       2
       1
       0
       1
       3
       1
       3
       1
       0
       1
       1
       0
       4
       1
       1
       1
       1
       4
       0
       2
       0
       1
       1
       1
       2
       2
       1
       0
       2
       0
       3
       2
       0
       1
       2
       1
       1
       3
       1
       0
       0
       2
       2
       0
       1
       1
       1
       2
       0
       1
       0
       0
       2
       0
       1
       0
       2
       3
       0
       1
       1
       0
       3
       0
       1
       0
       0
       3
       1
       1
       1
       2
       0
       1
       2
       1
       1
       3
       1
       1
       0
       3
       1
       0
       0
       0
       2
       1
       3
       0
       0
       0
       3
       2
       3
       2
       1
       0
       0
       1
       0
       2
       2
       1
       2
       1
       1
       0
       3
       1
       2
       4
       0
       0
       1
       1
       1
       0
       2
       2
       0
       1
       3
       5
       0
       0
       1
       3
       1
       2
       0
       0
       1
       1
       3
       0
       0
       3
       4
       1
       2
       2
       2
       1
       2
       1
       0
       1
       0
       1
       1
       0
       1
       0
       5
       0
       1
       1
       1
       4
       1
       2
       1
       2
       0
       1
       1
       1
       1
       1
       0
       2
       3
       3
       1
       2
       1
       1
       2
       1
       5
       1
       3
       4
       1
       2
       1
       1
       2
       2
       6
       2
       4
       1
       2
       2
       3
       3
       2
       4
       1
       3
       3
       3
       0
       3
       2
       2
       2
       1
       1
       5
       3
       3
       0
       0
       2
       1
       0
       2
       0
       0
       1
       1
       2
       2
       2
       4
       4
       2
       2
       2
       1
       1
       2
       3
       1
       3
       0
       0
       3
       2
       2
       0
       2
       0
       3
       0
       2
       0
       3
       2
       1
       3
       1
       2
       1
       0
       0
       2
       0
       2
       2
       0
       0
       0
       2
       0
       0
       2
       1
       3
       0
       0
       2
       1
       1
       0
       2
       3
       0
       3
       2
       1
       2
       1
       0
       1
       0
       1
       1
       1
       0
       1
       0
       1
       0
       3
       1
       0
       0
       2
       3
       1
       0
       2
       1
       3
       2
       0
       3
       0
       4
       1
       0
       2
       2
       1
       2
       0
       1
       1
       1
       5
       1
       0
       4
       2
       2
       1
       3
       1
       1
       3
       1
       0
       2
       3
       1
       0
       1
       0
       0
       3
       1
       1
       1
       1
       3
       1
       2
       0
       0
       1
       2
       2
       4
       2
       1
       2
       1
       0
       1
       2
       1
       4
       1
       4
       1
       1
       0
       1
       1
       0
       1
       0
       0
       0
       0
       1
       1
       1
       0
       3
       3
       0
       1
       4
       2
       2
       1
       2
       0
       3
       2
       1
       2
       0
       2
       0
       1
       1
       0
       1
       1
       0
       1
       1
       0
       0
       2
       1
       1
       1
       0
       2
       2
       0
       0
       0
       2
       1
       3
       1
       3
       2
       1
       1
       1
       0
       1
       3
       1
       0
       4
       1
       2
       1
       2
       3
       1
       1
       0
       0
       3
       0
       0
       7
       2
       2
       2
       2
       1
       0
       1
       2
       3
       1
       0
       2
       0
       0
       2
       2
       1
       0
       2
       2
       4
       1
       1
       2
       0
       1
       0
       0
       2
       1
       0
       1
       4
       4
       4
       2
       2
       2
       1
       1
       1
       4
       1
       3
       2
       3
       2
       1
       2
       1
       0
       1
       3
       0
       2
       2
       1
       0
       1
       1
       1
       1
       1
       3
       1
       3
       2
       2
       2
       2
       1
       1
       2
       3
       2
       3
       3
       3
       1
       4
       0
       2
       1
       2
       1
       2
       2
       1
       3
       0
       2
       0
       2
       2
       1
       2
       3
       6
       2
       0
       3
       4
       1
       2
       4
       1
       5
       0
       1
       1
       3
       4
       4
       2
       2
       3
       2
       0
       2
       2
       3
       5
       5
       3
       7
       2
       2
       1
       7
       7
       2
       8
       6
       1
       1
       2
       4
       5
       4
       6
       1
       4
       2
       6
       4
       3
       6
       8
       4
       7
       7
       7
       3
       7
       4
       4
       9
       8
       3
       8
       5
       6
       8
       6
       8
       5
       6
       3
       4
       6
       3
       5
       6
       7
       8
       9
       3
       7
       8
       4
       5
       6
       4
       6
       4
       3
       3
       7
       5
       3
       7
       4
       4
       5
       3
       2
       4
       3
       7
       1
       4
       6
       5
       4
       3
       3
       5
       1
       5
       6
       1
       1
       3
       3
       3
       8
       4
       5
       4
       1
       5
       9
       5
       0
       1
       1
       2
       3
       3
       2
       5
       2
       2
       7
       9
       4
       7
       6
       4
       1
       6
       3
       1
       6
       3
       8
       2
       3
       1
       2
       3
       1
       7
       7
       7
       4
       6
       4
       3
       5
       5
       3
       5
       5
       3
       7
       6
       2
       1
       3
       1
       4
       2
       6
       4
       2
       7
       3
       1
       5
       6
       5
       7
       8
       7
       9
       7
       6
       7
       7
       9
      11
      11
       6
       5
       5
       6
       9
       9
      11
       7
      13
       5
      12
      10
      22
       9
      18
      12
      17
      23
      19
      21
      16
      30
      20
      33
      26
      31
      32
      27
      45
      51
      46
      42
      51
      65
      72
      66
      80
      78
      86
      99
     116
      96
     118
     128
     137
     148
     167
     186
     160
     185
     170
     211
     194
     208
     241
     280
     276
     318
     290
     334
     326
     332
     365
     357
     329
     396
     417
     390
     423
     459
     439
     483
     450
     502
     510
     490
     521
     502
     542
     535
     518
     523
     508
     568
     564
     509
     509
     463
     541
     500
     473
     466
     468
     456
     438
     428
     393
     384
     350
     356
     362
     311
     353
     312
     295
     270
     236
     249
     241
     223
     190
     205
     177
     172
     157
     150
     142
     124
     133
     102
      90
      94
      91
      61
      64
      42
      48
      52
      42
      32
      34
      34
      32
      28
      22
      17
      19
      18
      11
      10
      11
       5
      10
      10
       4
       5
       7
       7
       5
       5
       2
       2
       2
       3
       0
       1
       1
       1
       1
       0
       2
       3
       1
       0
       1
       1
       1
       0
       0
       0
       0
       0
       0
       0
       0
       0
       1
       0
       1
       0
       0
       1
       0
       0
       0
       0
       0
       0
       0
       0
       0
       0
       0
       0
       0
       0
       0
       0
       0
       0
       0
       0
       0
       0
       0
       0
       0
       0
       0
       0
       0
       0
       0
       0
       0
       0
       0
       0
       0
       0
       0
       0
       0
       0
       0
       0
       0
       0
       0
       0
       0
       0
       0
       0
       0
       0
       0
       0
       0
       0
       0
       0
       0
       0
       0
       0
       0
       0
       0
       0
       0
       0
       0
       0
       0
       0
       0
       0
       0
       0
       0
       0
       0
       0
       0
       0
       0
       0
       0
       0
       0
       0
       0
       0
       0
       0
       0
       0
       0
       0
       0
       0
       1
       0
       0
       0
       0
       0
       0
       0
       0
       0
       0
       0
       0
       0
       0
       0
       0
       0
       0
       0
       0
       0
       0
       0
       0
       0
       0
       0
       0
       0
       0
       0
       0
       0
       0
       0
       0
       0
       0
       0
       0
       0
       0
       0
       0
       0
       0
       0
       1
       0
       1
       0
       0
       0
       0
       0
       0
       0
       0
       0
       0
       0
       0
       0
       0
       0
       0
       0
       0
       0
       0
       0
       0
       0
       0
       0
       0
       0
       0
       0
       0
       0
       0
       1
       0
       0
       0
       1
       0
       0
       1
       0
       0
       0
       0
       0
       1
       0
       0
       0
       1
       0
       0
       0
       0
       0
       0
       0
       0
       0
       0
       0
       0
       0
       0
       0
       2
       0
       1
       0
       0
       0
       1
       0
       0
       0
       0
       0
       0
       0
       1
       0
       0
       0
       0
       0
       0
       0
       0
       0
       0
       0
       0
       0
       1
       0
       0
       0
       0
       0
       0
       0
       0
       0
       0
       0
       1
       0
       0
       2
       1
       1
       0
       0
       1
       0
       1
       0
       0
       0
       0
       0
       0
       1
       0
       0
       1
       0
       0
       0
       0
       0
       0
       0
       0
       0
       0
       0
       0
       0
       0
       0
       0
       0
       0
       0
       0
       0
       0
       0
       0
       0
       0
       0
       0
       0
       0
       0
       0
       0
       0
       0
       0
       0
       0
       0
       0
       0
       0
       0
       0
       0
       0
       0
       0
       0
       0
       0
       0
       0
       0
       0
       0
       0
       0
       0
       0
       0
       0
       0
       0
       0
       0
       0
       0
       0
       0
       0
       0
       0
       0
       0
       0
       0
       0
       0
       0
       0
       0
       0
       0
       0
       0
       0
       0
       0
       0
       0
       0
       0
       0
       0
       0
       0
       0
       0
       0
       0
       0
       0
       0
       0
       0
       0
       0
       0
       0
       0
       0
       0
       0
       0
       0
       0
       0
       0
       0
       0
       0
       0
       0
       0
       0
       0
       0
       0
       0
       0
       0
       0
       0
       0
       0
       0
       0
       0
       0
       0
       0
       0
       0
       0
       0
       0
       0
       0
       0
       0
       0
       0
       0
       0
       0
       0
       0
       0
       0
       0
       0
       0
       0
       0
       0
       0
       0
       0
       0
       0
       0
       0
       0
       0
       0
       0
       0
       0
       0
       0
       0
       0
       0
       0
       0
       0
       0
       0
       0
       0
       0
       0
       0
       0
       0
       0
       0
       0
       0
       0
       0
       0
       0
       0
       0
       0
       0
       0
       0
       0
       0
       0
       0
       0
       0
       0
       0
       0
       0
       0
       0
       0
       0
       0
       0
       0
       0
       0
       0
       0
       0
       0
       0
       0
       0
       0
       0
       0
       0
       0
       0
       0
       0
       0
       0
       0
       0
       0
       0
       0
       0
       0
       0
       0
       0
       0
       0
       0
       0
       0
       0
       0
       0
       0
       0
       0
       0
       0
       0
       0
       0
       0
       0
       0
       0
       0
       0
       0
       0
       0
       0
       0
       0
       0
       0
       0
       0
       0
       0
       0
       0
       0
       0
       0
       0
       0
       0
       0
       0
       0
       0
       0
       0
       0
       0
       0
       0
       0
       0
       0
       0
       0
       0
       0
       0
       0
       0
       0
       0
       0
       0
       0
       0
       0
       0
       0
       0
       0
       0
       0
       0
       0
       0
       0
       0
       0
       0
       0
       0
       0
       0
       0
       0
       0
       0
       0
       0
       0
       0
       0
       0
       0
       0
       0
       0
       0
       0
       0
       0
       0
       0
       0
       0
       0
       0
       0
       0
       0
       0
       0
       0
       0
       0
       0
       0
       0
       0
       0
       0
       0
       0
       0
       0
       0
       0
       0
       0
       1
       0
       0
       0
       0
       0
       0
       0
       0
       0
       0
       0
       0
       0
       0
       0
       0
       0
       0
       0
       0
       0
       0
       0
       0
       0
       0
       0
       0
       0
       0
       0
       0
       0
       0
       0
       0
       0
       0
       0
       0
       0
       0
       0
       0
       0
       0
       0
       0
       0
       0
       0
       0
       0
       0
       0
       0
       0
       0
$ROI:
1
1190 1258
$PRESETS:
Live Time
1000
0
$ENER_FIT:
0.000000 7.496722
$MCA_CAL:
3
0.000000E+000 7.496722E+000 0.000000E+000 keV
$SHAPE_CAL:
3
7.824383E+000 0.000000E+000 0.000000E+000
