$SPEC_ID:
No sample description was entered.
$SPEC_REM:
DET# 1
DETDESC# E-C11SRPLAB222 MCB 129
AP# Maestro Version 7.01
$DATE_MEA:
02/12/2026 14:04:38
$MEAS_TIM:
183 185
$DATA:
0 2047
       0
       0
       0
       0
       0
       0
       0
       0
       0
       0
       0
       0
       0
       0
       0
       0
       0
       0
       0
       0
       0
       0
       0
       0
       0
       0
       0
       0
       0
       0
       0
       0
       0
       0
       0
       0
       0
       0
       0
       0
       0
       0
       0
       0
       0
       0
       0
       0
       0
       5
      47
      44
      20
      12
       6
       4
       4
       1
       0
       1
       0
       0
       0
       0
       2
       0
       0
       1
       0
       0
       0
       0
       0
       0
       0
       1
       1
       0
       0
       1
       0
       0
       0
       0
       0
       0
       0
       0
       0
       0
       0
       0
       1
       0
       0
       0
       0
       1
       1
       0
       0
       1
       3
       0
       0
       0
       0
       0
       1
       1
       0
       1
       1
       0
       1
       1
       1
       0
       1
       1
       0
       3
       0
       0
       0
       0
       0
       0
       0
       1
       1
       1
       1
       1
       0
       0
       1
       1
       0
       1
       0
       0
       0
       0
       0
       0
       0
       1
       0
       0
       0
       0
       1
       0
       3
       1
       0
       0
       1
       1
       0
       0
       0
       1
       0
       1
       1
       2
       1
       0
       0
       0
       0
       0
       1
       1
       3
       0
       0
       1
       0
       1
       0
       1
       0
       0
       0
       0
       2
       0
       0
       0
       0
       0
       0
       1
       0
       0
       0
       1
       0
       1
       0
       0
       0
       1
       0
       0
       2
       0
       1
       1
       1
       0
       0
       0
       0
       0
       1
       0
       1
       0
       0
       1
       0
       1
       0
       0
       1
       0
       1
       0
       0
       0
       0
       0
       0
       0
       0
       1
       0
       0
       0
       0
       0
       0
       0
       1
       0
       0
       0
       0
       1
       0
       1
       1
       0
       0
       1
       1
       0
       0
       1
       0
       1
       0
       0
       0
       0
       0
       0
       0
       0
       0
       1
       0
       0
       0
       0
       0
       1
       2
       0
       0
       0
       1
       1
       1
       0
       1
       0
       1
       0
       0
       0
       0
       1
       0
       0
       1
       0
       0
       0
       1
       1
       0
       1
       0
       0
       0
       3
       0
       0
       0
       0
       0
       1
       0
       0
       1
       1
       0
       0
       2
       1
       0
       1
       1
       1
       4
       2
       1
       1
       1
       1
       0
       0
       0
       0
       0
       1
       1
       0
       0
       0
       0
       2
       2
       2
       0
       0
       0
       2
       2
       2
       0
       0
       2
       1
       0
       2
       2
       0
       0
       0
       1
       1
       0
       0
       1
       1
       2
       0
       0
       0
       0
       1
       1
       0
       0
       0
       0
       0
       0
       0
       1
       0
       0
       0
       0
       0
       0
       1
       0
       0
       0
       0
       0
       1
       0
       1
       2
       0
       0
       1
       0
       1
       1
       1
       1
       0
       1
       0
       0
       4
       2
       1
       1
       0
       1
       2
       0
       0
       1
       0
       0
       2
       1
       0
       0
       1
       0
       2
       0
       0
       0
       1
       0
       0
       0
       0
       0
       2
       0
       0
       0
       0
       1
       0
       3
       0
       0
       0
       0
       0
       0
       1
       0
       0
       0
       0
       1
       1
       0
       1
       0
       0
       1
       0
       0
       0
       0
       0
       0
       0
       0
       0
       0
       0
       0
       2
       0
       0
       0
       0
       0
       0
       1
       0
       0
       0
       2
       0
       0
       0
       0
       0
       1
       1
       0
       1
       0
       0
       1
       0
       0
       0
       1
       2
       0
       1
       1
       1
       1
       0
       0
       0
       0
       1
       0
       3
       1
       1
       1
       2
       0
       0
       0
       1
       1
       0
       0
       1
       2
       0
       1
       0
       0
       1
       1
       0
       0
       0
       2
       0
       0
       0
       1
       2
       0
       0
       2
       0
       0
       0
       0
       0
       0
       0
       0
       0
       0
       0
       1
       1
       0
       2
       1
       0
       0
       1
       2
       0
       0
       1
       0
       0
       1
       1
       1
       2
       1
       1
       1
       2
       0
       2
       0
       0
       0
       2
       0
       2
       1
       1
       0
       0
       0
       1
       1
       1
       0
       1
       1
       3
       1
       1
       0
       0
       0
       0
       1
       1
       1
       1
       0
       3
       1
       0
       1
       0
       1
       2
       1
       0
       0
       1
       0
       0
       2
       0
       1
       1
       0
       0
       1
       0
       1
       0
       0
       0
       2
       0
       2
       0
       0
       0
       0
       1
       1
       0
       0
       0
       0
       0
       1
       1
       0
       0
       1
       0
       1
       1
       1
       0
       0
       0
       1
       1
       0
       1
       0
       1
       2
       2
       0
       1
       1
       0
       2
       0
       1
       0
       0
       0
       1
       0
       3
       1
       1
       0
       0
       0
       0
       0
       0
       2
       0
       0
       0
       0
       0
       0
       3
       0
       0
       1
       1
       0
       0
       0
       1
       1
       0
       0
       0
       2
       0
       1
       1
       0
       0
       1
       0
       0
       0
       2
       0
       0
       0
       1
       0
       1
       0
       0
       0
       0
       0
       1
       1
       1
       1
       2
       2
       0
       0
       0
       0
       0
       0
       1
       0
       1
       0
       1
       0
       2
       0
       1
       0
       1
       0
       0
       1
       0
       0
       0
       0
       0
       1
       1
       0
       1
       0
       1
       0
       0
       0
       0
       0
       0
       1
       0
       1
       1
       0
       0
       3
       0
       0
       0
       0
       1
       0
       0
       0
       1
       0
       0
       1
       1
       1
       1
       1
       0
       1
       0
       0
       1
       0
       1
       0
       0
       0
       0
       1
       0
       0
       1
       1
       0
       0
       0
       1
       0
       0
       0
       2
       3
       0
       0
       0
       0
       0
       0
       0
       0
       2
       0
       1
       0
       1
       1
       0
       1
       0
       1
       1
       1
       1
       1
       1
       3
       1
       0
       0
       0
       0
       1
       1
       0
       0
       0
       0
       1
       3
       1
       0
       2
       1
       0
       0
       1
       0
       1
       0
       0
       0
       1
       0
       0
       0
       0
       0
       1
       0
       1
       1
       0
       0
       1
       2
       0
       1
       0
       0
       0
       1
       0
       0
       1
       1
       0
       0
       1
       1
       1
       2
       1
       0
       1
       1
       1
       1
       0
       0
       0
       0
       0
       0
       1
       2
       0
       0
       1
       1
       2
       0
       1
       0
       0
       0
       0
       1
       2
       1
       1
       1
       2
       1
       2
       1
       0
       1
       0
       1
       1
       1
       1
       1
       0
       2
       1
       0
       2
       0
       1
       1
       0
       1
       0
       0
       4
       1
       0
       0
       1
       1
       1
       1
       1
       5
       1
       1
       4
       0
       1
       0
       0
       3
       1
       2
       1
       4
       1
       0
       0
       1
       1
       4
       2
       0
       2
       2
       1
       0
       4
       5
       0
       4
       3
       1
       3
       2
       2
       2
       6
       3
       2
       3
       0
       1
       2
       1
       4
       3
       1
       1
       2
       1
       2
       1
       4
       1
       4
       0
       3
       2
       2
       1
       3
       1
       3
       4
       3
       0
       0
       1
       3
       0
       4
       2
       4
       0
       4
       1
       3
       0
       1
       1
       1
       1
       2
       1
       1
       3
       1
       0
       1
       0
       2
       0
       2
       2
       3
       2
       2
       0
       0
       0
       0
       1
       3
       3
       0
       1
       0
       0
       0
       2
       0
       3
       1
       2
       3
       1
       0
       0
       3
       0
       0
       0
       2
       2
       2
       0
       2
       4
       3
       0
       1
       1
       0
       1
       1
       3
       1
       1
       1
       2
       1
       3
       0
       1
       2
       0
       0
       4
       1
       4
       1
       1
       0
       1
       3
       1
       0
       1
       3
       5
       1
       3
       2
       2
       4
       2
       3
       6
       2
       1
       2
       0
       2
       3
       3
       1
       6
       4
       2
       3
       2
       2
       6
       5
       3
       5
       6
       3
       3
       4
       8
       4
       9
       3
       6
       4
      11
       6
       8
      12
       9
       9
       6
      17
      16
      17
      19
      18
      15
      26
      25
      24
      20
      27
      26
      29
      31
      30
      37
      41
      48
      50
      58
      36
      46
      62
      61
      54
      71
      76
      85
      86
      89
     102
     109
     109
     108
     115
      95
     115
     127
     128
     130
     147
     138
     140
     150
     146
     187
     159
     156
     179
     171
     173
     192
     164
     174
     181
     178
     189
     179
     171
     146
     138
     171
     171
     165
     180
     154
     145
     162
     165
     157
     136
     140
     131
     125
     111
     118
     100
      97
      89
      97
      88
      70
      77
      76
      81
      74
      66
      47
      46
      51
      34
      30
      30
      36
      28
      34
      18
      17
      18
      13
      18
      15
      14
       8
       6
      13
       8
       8
       4
       6
       3
       5
       2
       3
       5
       6
       1
       3
       1
       3
       2
       2
       0
       0
       0
       0
       0
       0
       0
       1
       0
       1
       1
       0
       0
       0
       0
       0
       1
       0
       0
       1
       0
       0
       0
       0
       0
       0
       0
       0
       0
       0
       0
       0
       0
       0
       0
       0
       0
       0
       0
       0
       0
       0
       0
       0
       0
       0
       0
       0
       0
       0
       0
       0
       0
       0
       0
       0
       0
       0
       0
       0
       0
       0
       0
       0
       0
       0
       0
       0
       0
       0
       0
       0
       0
       0
       0
       0
       0
       0
       0
       0
       0
       0
       0
       1
       0
       0
       0
       0
       0
       0
       0
       0
       0
       0
       0
       0
       0
       0
       0
       0
       0
       0
       0
       1
       0
       0
       0
       0
       0
       0
       0
       0
       0
       0
       0
       0
       0
       1
       0
       0
       0
       0
       0
       0
       0
       0
       0
       0
       0
       0
       0
       0
       0
       0
       0
       0
       0
       0
       0
       0
       0
       0
       0
       0
       0
       0
       0
       0
       0
       0
       0
       0
       0
       0
       0
       0
       0
       0
       0
       0
       0
       0
       0
       0
       0
       0
       0
       0
       0
       0
       0
       0
       0
       0
       0
       0
       0
       0
       0
       0
       0
       0
       0
       0
       0
       0
       0
       0
       0
       0
       0
       0
       0
       0
       0
       0
       0
       0
       1
       0
       0
       0
       0
       0
       0
       0
       0
       0
       0
       0
       0
       0
       0
       0
       0
       0
       0
       0
       0
       0
       0
       0
       0
       0
       0
       0
       0
       0
       0
       0
       0
       0
       1
       0
       0
       0
       0
       0
       0
       1
       0
       0
       2
       0
       0
       0
       0
       0
       0
       0
       0
       0
       0
       0
       0
       0
       0
       0
       0
       0
       0
       1
       0
       0
       0
       0
       0
       1
       0
       0
       0
       0
       0
       0
       0
       0
       0
       1
       0
       1
       0
       0
       0
       0
       1
       0
       0
       0
       0
       0
       0
       0
       0
       0
       0
       0
       0
       0
       0
       0
       0
       0
       0
       0
       0
       0
       0
       0
       1
       0
       1
       0
       0
       0
       0
       0
       0
       0
       0
       1
       0
       0
       0
       0
       0
       0
       0
       0
       0
       0
       0
       0
       0
       0
       0
       0
       0
       0
       0
       0
       0
       0
       0
       0
       0
       0
       0
       0
       0
       0
       0
       0
       0
       0
       0
       0
       0
       0
       0
       0
       0
       0
       0
       0
       0
       0
       0
       0
       0
       0
       0
       0
       0
       0
       0
       0
       0
       0
       0
       0
       0
       0
       0
       0
       0
       0
       0
       0
       0
       0
       0
       0
       0
       0
       0
       0
       0
       0
       0
       0
       0
       0
       0
       0
       0
       0
       0
       0
       0
       0
       0
       0
       0
       0
       0
       0
       0
       0
       0
       0
       0
       0
       0
       0
       0
       0
       0
       0
       0
       0
       0
       0
       0
       0
       0
       0
       0
       0
       0
       0
       0
       0
       0
       0
       0
       0
       0
       0
       0
       0
       0
       0
       0
       0
       0
       0
       0
       0
       0
       0
       0
       0
       0
       0
       0
       0
       0
       0
       0
       0
       0
       0
       0
       0
       0
       0
       0
       0
       0
       0
       0
       0
       0
       0
       0
       0
       0
       0
       0
       0
       0
       0
       0
       0
       0
       0
       0
       0
       0
       0
       0
       0
       0
       0
       0
       0
       0
       0
       0
       0
       0
       0
       0
       0
       0
       0
       0
       0
       0
       0
       0
       0
       0
       0
       0
       0
       0
       0
       0
       0
       0
       0
       0
       0
       0
       0
       0
       0
       0
       0
       0
       0
       0
       0
       0
       0
       0
       0
       0
       0
       0
       0
       0
       0
       0
       0
       0
       0
       0
       0
       0
       0
       0
       0
       0
       0
       0
       0
       0
       0
       0
       0
       0
       0
       0
       0
       0
       0
       0
       0
       0
       0
       0
       0
       0
       0
       0
       0
       0
       0
       0
       0
       0
       0
       0
       0
       0
       0
       0
       0
       0
       0
       0
       0
       0
       0
       0
       0
       0
       0
       0
       0
       0
       0
       0
       0
       0
       0
       0
       0
       0
       0
       0
       0
       0
       0
       0
       0
       0
       0
       0
       0
       0
       0
       0
       0
       0
       0
       0
       0
       0
       0
       0
       0
       0
       0
       0
       0
       0
       0
       0
       0
       0
       0
       0
       0
       0
       0
       0
       0
       0
       0
       0
       0
       0
       0
       0
       0
       0
       0
       0
       0
       0
       0
       0
       0
       0
       0
       0
       0
       0
       0
       0
       0
       0
       0
       0
       0
       0
       0
       0
       0
       0
       0
       0
       0
       0
       0
       0
       0
       0
       0
       0
       0
       0
       0
       0
       0
       0
       0
       0
       0
       0
       0
       0
       0
       0
       0
       0
       0
       0
       0
       0
       0
       0
       0
       0
       0
       0
       0
       0
       0
       0
       0
       0
       0
       0
       0
       0
       0
       0
       0
       0
       0
       0
       0
       0
       0
       0
       0
       0
       0
       0
$ROI:
2
167 167
1188 1267
$PRESETS:
Live Time
1000
0
$ENER_FIT:
0.000000 7.496722
$MCA_CAL:
3
0.000000E+000 7.496722E+000 0.000000E+000 keV
$SHAPE_CAL:
3
7.824383E+000 0.000000E+000 0.000000E+000
