$SPEC_ID:
No sample description was entered.
$SPEC_REM:
DET# 1
DETDESC# E-C11SRPLAB222 MCB 129
AP# Maestro Version 7.01
$DATE_MEA:
02/12/2026 14:08:03
$MEAS_TIM:
184 187
$DATA:
0 2047
       0
       0
       0
       0
       0
       0
       0
       0
       0
       0
       0
       0
       0
       0
       0
       0
       0
       0
       0
       0
       0
       0
       0
       0
       0
       0
       0
       0
       0
       0
       0
       0
       0
       0
       0
       0
       0
       0
       0
       0
       0
       0
       0
       0
       0
       0
       0
       0
       0
       3
      50
      43
      25
      15
       6
       2
       4
       0
       1
       1
       1
       0
       0
       0
       0
       0
       0
       1
       0
       0
       0
       0
       0
       0
       2
       0
       0
       0
       1
       0
       0
       0
       0
       1
       0
       1
       0
       0
       0
       0
       0
       0
       0
       0
       0
       0
       0
       0
       0
       1
       0
       2
       0
       2
       1
       0
       1
       1
       0
       1
       0
       0
       1
       0
       1
       2
       0
       1
       0
       1
       1
       2
       1
       2
       0
       0
       0
       0
       1
       0
       1
       0
       0
       0
       0
       2
       0
       1
       1
       0
       3
       0
       0
       2
       1
       0
       0
       0
       1
       0
       0
       1
       0
       0
       0
       1
       0
       0
       1
       0
       1
       0
       0
       1
       2
       0
       1
       0
       0
       0
       0
       1
       1
       1
       0
       1
       1
       0
       0
       0
       1
       0
       0
       2
       0
       1
       0
       0
       0
       0
       0
       1
       0
       0
       0
       1
       1
       0
       1
       0
       2
       0
       0
       0
       1
       0
       0
       0
       0
       1
       0
       1
       0
       1
       0
       0
       0
       0
       0
       2
       0
       1
       0
       1
       1
       1
       0
       0
       0
       1
       0
       1
       0
       0
       0
       1
       0
       0
       1
       1
       1
       1
       1
       0
       1
       1
       0
       2
       1
       0
       0
       0
       0
       1
       3
       1
       1
       1
       1
       1
       0
       1
       0
       1
       0
       0
       0
       0
       1
       0
       0
       1
       1
       0
       0
       0
       0
       0
       1
       1
       0
       0
       1
       0
       0
       0
       0
       0
       0
       0
       0
       0
       0
       0
       0
       0
       1
       1
       0
       0
       0
       0
       0
       0
       0
       1
       2
       0
       2
       0
       1
       0
       0
       0
       0
       1
       0
       0
       1
       0
       1
       0
       1
       0
       1
       2
       1
       0
       0
       1
       0
       0
       1
       0
       0
       1
       0
       0
       0
       0
       1
       0
       0
       0
       0
       0
       0
       0
       0
       0
       0
       1
       0
       1
       0
       0
       1
       1
       0
       1
       2
       0
       0
       2
       0
       0
       1
       1
       0
       0
       0
       0
       1
       0
       3
       0
       0
       1
       1
       1
       0
       0
       1
       0
       0
       0
       0
       0
       0
       2
       1
       0
       2
       1
       1
       0
       0
       0
       0
       1
       1
       1
       0
       0
       1
       0
       0
       1
       0
       0
       0
       0
       1
       0
       1
       1
       0
       0
       0
       1
       0
       0
       0
       0
       0
       0
       2
       0
       0
       0
       1
       1
       0
       2
       0
       0
       0
       0
       3
       0
       0
       2
       0
       0
       1
       0
       0
       0
       3
       0
       0
       0
       1
       0
       1
       0
       0
       0
       2
       0
       0
       0
       0
       0
       2
       1
       0
       1
       0
       0
       0
       0
       1
       0
       0
       0
       0
       0
       1
       0
       0
       1
       1
       1
       0
       2
       1
       0
       0
       0
       0
       0
       3
       0
       0
       0
       0
       0
       0
       0
       0
       0
       0
       0
       0
       0
       0
       0
       0
       0
       0
       1
       0
       0
       0
       0
       0
       0
       0
       0
       1
       2
       0
       0
       1
       1
       0
       0
       0
       0
       0
       1
       1
       0
       0
       0
       0
       0
       0
       0
       0
       0
       1
       0
       1
       0
       0
       0
       0
       0
       0
       0
       1
       0
       0
       0
       0
       1
       1
       2
       0
       1
       0
       1
       1
       0
       0
       1
       0
       0
       0
       0
       0
       0
       0
       0
       0
       1
       0
       0
       0
       2
       1
       0
       1
       2
       0
       0
       1
       0
       0
       0
       1
       0
       2
       0
       0
       1
       0
       2
       4
       1
       1
       2
       1
       1
       4
       2
       0
       0
       1
       1
       2
       1
       0
       1
       1
       0
       1
       2
       1
       1
       0
       1
       1
       1
       1
       1
       1
       0
       0
       0
       0
       0
       0
       0
       0
       0
       0
       1
       0
       0
       1
       0
       0
       0
       1
       0
       0
       0
       1
       0
       2
       1
       3
       0
       0
       2
       0
       0
       0
       0
       1
       0
       1
       1
       1
       0
       0
       0
       0
       1
       0
       1
       0
       1
       0
       1
       2
       0
       0
       1
       0
       1
       1
       2
       1
       0
       0
       1
       0
       0
       0
       0
       0
       0
       1
       2
       1
       0
       0
       1
       0
       0
       0
       1
       0
       1
       2
       0
       0
       0
       2
       0
       0
       0
       2
       1
       0
       1
       2
       0
       0
       0
       0
       0
       1
       0
       0
       0
       0
       0
       0
       0
       0
       0
       1
       2
       0
       1
       1
       0
       1
       1
       0
       0
       1
       0
       0
       0
       0
       0
       0
       0
       1
       1
       0
       0
       2
       0
       0
       1
       1
       2
       0
       0
       0
       1
       0
       2
       0
       0
       0
       0
       0
       0
       1
       0
       0
       0
       0
       0
       2
       0
       2
       0
       0
       2
       0
       0
       0
       0
       2
       0
       0
       1
       0
       1
       0
       0
       0
       0
       1
       1
       1
       0
       1
       0
       0
       0
       1
       1
       2
       0
       1
       0
       0
       2
       1
       0
       1
       1
       2
       0
       1
       0
       1
       1
       2
       0
       0
       0
       1
       1
       1
       1
       0
       2
       1
       0
       0
       0
       0
       2
       0
       1
       0
       0
       0
       1
       0
       2
       2
       0
       0
       0
       2
       2
       0
       1
       0
       1
       1
       0
       1
       1
       0
       0
       2
       0
       1
       1
       1
       1
       0
       0
       2
       0
       0
       0
       2
       0
       0
       0
       0
       0
       0
       0
       0
       0
       1
       0
       0
       1
       0
       1
       2
       0
       1
       0
       1
       0
       1
       0
       0
       0
       1
       0
       1
       1
       2
       0
       1
       0
       0
       1
       0
       0
       0
       0
       2
       0
       0
       1
       0
       1
       0
       2
       0
       0
       0
       0
       0
       1
       1
       0
       1
       0
       1
       0
       0
       1
       1
       1
       1
       1
       0
       0
       0
       0
       1
       2
       2
       0
       0
       1
       1
       2
       0
       1
       0
       2
       1
       0
       2
       2
       0
       2
       1
       1
       2
       0
       1
       0
       0
       2
       1
       1
       1
       1
       1
       0
       0
       1
       1
       2
       2
       1
       2
       0
       1
       0
       2
       5
       1
       0
       4
       4
       0
       0
       1
       3
       0
       2
       2
       2
       2
       3
       1
       3
       4
       2
       2
       5
       3
       4
       6
       4
       2
       3
       2
       4
       1
       3
       0
       3
       1
       1
       2
       1
       2
       1
       1
       1
       3
       2
       1
       1
       0
       2
       0
       1
       2
       2
       3
       4
       0
       1
       3
       1
       1
       0
       3
       1
       3
       4
       1
       2
       3
       3
       2
       1
       0
       0
       1
       1
       1
       1
       1
       1
       0
       0
       0
       1
       1
       0
       1
       2
       0
       0
       2
       0
       0
       1
       2
       0
       1
       1
       1
       2
       3
       1
       3
       1
       1
       1
       1
       1
       0
       1
       1
       2
       1
       0
       2
       0
       5
       1
       1
       1
       2
       0
       2
       2
       1
       1
       1
       1
       1
       0
       0
       0
       1
       1
       1
       0
       1
       1
       5
       1
       2
       2
       2
       4
       3
       0
       1
       4
       4
       0
       2
       0
       2
       3
       5
       3
       4
       4
       6
       2
       4
       2
       5
       6
       2
       7
       4
       5
       3
       1
       7
       5
       7
       7
       6
      10
      10
      10
      11
       9
      17
       8
      10
       9
      11
      12
      25
      20
      31
      28
      20
      20
      26
      26
      30
      27
      34
      27
      49
      44
      50
      49
      37
      61
      52
      56
      64
      72
      65
      64
      80
      93
      81
      97
      90
      98
     110
     129
     109
     127
     139
     139
     154
     154
     137
     147
     151
     171
     141
     148
     178
     163
     180
     174
     164
     179
     177
     164
     181
     200
     186
     185
     198
     191
     183
     156
     178
     162
     151
     167
     161
     138
     130
     131
     133
     117
     120
     101
     130
     101
     106
     109
      98
      75
      81
      82
      69
      61
      64
      63
      53
      32
      40
      48
      38
      36
      24
      25
      26
      17
      26
      24
      18
      20
      11
      16
      11
      10
       9
       8
       7
       6
      12
       2
       5
       3
       5
       4
       2
       1
       1
       4
       0
       1
       2
       0
       1
       1
       0
       1
       0
       0
       4
       0
       1
       0
       1
       0
       0
       0
       0
       0
       0
       0
       0
       0
       0
       0
       0
       0
       0
       0
       0
       0
       0
       0
       0
       1
       0
       0
       0
       0
       0
       0
       0
       0
       0
       0
       0
       0
       0
       0
       0
       0
       0
       0
       0
       0
       0
       0
       0
       0
       0
       0
       0
       0
       0
       0
       0
       0
       0
       0
       0
       0
       0
       0
       0
       0
       0
       0
       0
       0
       0
       0
       0
       0
       0
       0
       0
       0
       0
       0
       0
       0
       0
       0
       0
       0
       0
       0
       0
       0
       0
       0
       0
       0
       0
       0
       0
       0
       0
       0
       0
       0
       0
       0
       0
       0
       0
       0
       0
       0
       0
       0
       0
       0
       0
       0
       0
       0
       0
       0
       1
       0
       0
       0
       0
       0
       0
       0
       0
       0
       0
       0
       0
       0
       0
       0
       1
       0
       0
       0
       0
       0
       0
       0
       0
       0
       0
       0
       0
       0
       1
       0
       1
       0
       0
       0
       0
       0
       0
       0
       0
       0
       0
       0
       0
       0
       0
       0
       0
       0
       0
       0
       0
       0
       0
       0
       0
       0
       0
       0
       0
       0
       0
       0
       0
       0
       0
       0
       0
       0
       0
       0
       0
       0
       0
       1
       0
       0
       0
       0
       0
       0
       0
       0
       0
       0
       0
       0
       0
       0
       0
       0
       0
       0
       0
       0
       0
       0
       0
       0
       0
       0
       0
       0
       0
       0
       0
       0
       0
       0
       0
       0
       0
       0
       0
       0
       0
       0
       0
       0
       0
       0
       0
       0
       0
       0
       0
       0
       0
       0
       0
       0
       0
       0
       0
       0
       1
       0
       1
       0
       0
       0
       0
       1
       0
       0
       0
       0
       1
       0
       0
       0
       0
       0
       1
       0
       1
       0
       0
       0
       0
       0
       0
       0
       0
       0
       0
       0
       0
       0
       0
       0
       0
       0
       0
       0
       0
       0
       0
       0
       0
       0
       0
       0
       2
       0
       0
       0
       0
       0
       0
       0
       0
       0
       0
       0
       0
       0
       0
       0
       0
       0
       0
       0
       0
       0
       0
       0
       0
       0
       0
       0
       0
       0
       0
       0
       0
       0
       0
       0
       0
       0
       0
       0
       0
       0
       0
       0
       0
       0
       0
       0
       0
       0
       0
       0
       0
       0
       0
       0
       0
       0
       0
       0
       0
       0
       0
       0
       0
       0
       0
       0
       0
       0
       0
       0
       0
       0
       0
       0
       0
       0
       0
       0
       0
       0
       0
       0
       0
       0
       0
       0
       0
       0
       0
       0
       0
       0
       0
       0
       0
       0
       0
       0
       0
       0
       0
       0
       0
       0
       0
       0
       0
       0
       0
       0
       0
       0
       0
       0
       0
       0
       0
       0
       0
       0
       0
       0
       0
       0
       0
       0
       0
       0
       0
       0
       0
       0
       0
       0
       0
       0
       0
       0
       0
       0
       0
       0
       0
       0
       0
       0
       0
       0
       0
       0
       0
       0
       0
       0
       0
       0
       0
       0
       0
       0
       0
       0
       0
       0
       0
       0
       0
       0
       0
       0
       0
       0
       0
       0
       0
       0
       0
       0
       0
       0
       0
       0
       0
       0
       0
       0
       0
       0
       0
       0
       0
       0
       0
       0
       0
       0
       0
       0
       0
       0
       0
       0
       0
       0
       0
       0
       0
       0
       0
       0
       0
       0
       0
       0
       0
       0
       0
       0
       0
       0
       0
       0
       0
       0
       0
       0
       0
       0
       0
       0
       0
       0
       0
       0
       0
       0
       0
       0
       0
       0
       0
       0
       0
       0
       0
       0
       0
       0
       0
       0
       0
       0
       0
       0
       0
       0
       0
       0
       0
       0
       0
       0
       0
       0
       0
       0
       0
       0
       0
       0
       0
       0
       0
       0
       0
       0
       0
       0
       0
       0
       0
       0
       0
       0
       0
       0
       0
       0
       0
       0
       0
       0
       0
       0
       0
       0
       0
       0
       0
       0
       0
       0
       0
       0
       0
       0
       0
       0
       0
       0
       0
       0
       0
       0
       0
       0
       0
       0
       0
       0
       0
       0
       0
       0
       0
       0
       0
       0
       0
       0
       0
       0
       0
       0
       0
       0
       0
       0
       0
       0
       0
       0
       0
       0
       0
       0
       0
       0
       0
       0
       0
       0
       0
       0
       0
       0
       0
       0
       0
       0
       0
       0
       0
       0
       0
       0
       0
       0
       0
       0
       0
       0
       0
       0
       0
       0
       0
       0
       0
       0
       0
       0
       0
       0
       0
       0
       0
       0
       0
       0
       0
       0
       0
       0
       0
       0
       0
       0
       0
       0
       0
       0
       0
       0
       0
       0
       0
       0
       0
       0
       0
       0
       0
       0
       0
       0
       0
       0
       0
       0
       0
       0
       0
       0
       0
       0
       0
       0
       0
       0
       0
       0
       0
       0
       0
       0
       0
       0
       0
       0
$ROI:
2
167 167
1188 1267
$PRESETS:
Live Time
1000
0
$ENER_FIT:
0.000000 7.496722
$MCA_CAL:
3
0.000000E+000 7.496722E+000 0.000000E+000 keV
$SHAPE_CAL:
3
7.824383E+000 0.000000E+000 0.000000E+000
